1590324669137,-0.553693,9.754715,0.049981
1590324669147,-0.449756,9.771321,0.096716
1590324669158,-0.462636,9.766791,0.147196
1590324669169,-0.493991,9.763412,0.075609
1590324669181,-0.479118,9.766926,0.062153
1590324669192,-0.460089,9.763248,0.102194
1590324669202,-0.461669,9.768113,0.130273
1590324669213,-0.483313,9.762645,0.097961
1590324669226,-0.496232,9.760548,0.055833
1590324669238,-0.492133,9.768171,0.079909
1590324669248,-0.471725,9.767366,0.096946
1590324669265,-0.478658,9.770134,0.122143
1590324669282,-0.479070,9.772442,0.095155
1590324669299,-0.480334,9.764206,0.062977
1590324669316,-0.478859,9.757330,0.102117
1590324669331,-0.482307,9.766849,0.090491
1590324669343,-0.474914,9.770373,0.069307
1590324669353,-0.468009,9.778849,0.106446
1590324669365,-0.466352,9.778494,0.097818
1590324669376,-0.473880,9.773524,0.110430
1590324669386,-0.484979,9.759954,0.091296
1590324669397,-0.467846,9.765537,0.119155
1590324669410,-0.474847,9.761094,0.124929
1590324669421,-0.479894,9.774721,0.106504
1590324669434,-0.487278,9.763248,0.074958
1590324669446,-0.468756,9.763574,0.089265
1590324669459,-0.479942,9.770345,0.111187
1590324669469,-0.481302,9.775171,0.062996
1590324669479,-0.490524,9.759887,0.065821
1590324669492,-0.513547,9.758527,0.088164
1590324669502,-0.472548,9.759054,0.129718
1590324669513,-0.461343,9.758871,0.160402
1590324669526,-0.458595,9.751564,0.125992
1590324669538,-0.489882,9.761256,0.085952
1590324669550,-0.509381,9.763027,0.045231
1590324669562,-0.490256,9.780381,0.042780
1590324669575,-0.504774,9.765115,0.092589
1590324669585,-0.474291,9.758134,0.120639
1590324669597,-0.459553,9.756458,0.129469
1590324669609,-0.468201,9.755902,0.127314
1590324669622,-0.489873,9.765537,0.106236
1590324669634,-0.488762,9.780544,0.091133
1590324669645,-0.480315,9.765920,0.081163
1590324669658,-0.503012,9.767069,0.068943
1590324669670,-0.497122,9.758948,0.048344
1590324669682,-0.493483,9.769540,0.088633
1590324669692,-0.475508,9.765039,0.105881
1590324669702,-0.463786,9.767482,0.102108
1590324669714,-0.484720,9.777508,0.081834
1590324669726,-0.484136,9.764934,0.062345
1590324669738,-0.484548,9.769540,0.081882
1590324669749,-0.465308,9.758661,0.097425
1590324669762,-0.463853,9.768621,0.129431
1590324669776,-0.468469,9.773553,0.118025
1590324669793,-0.484184,9.769473,0.060209
1590324669808,-0.475019,9.770852,0.078051
1590324669821,-0.492660,9.763574,0.097932
1590324669834,-0.467003,9.759235,0.090204
1590324669846,-0.487345,9.756726,0.109731
1590324669859,-0.519494,9.752541,0.081604
1590324669870,-0.466927,9.772001,0.086680
1590324669881,-0.460826,9.763210,0.136125
1590324669892,-0.440188,9.768180,0.140645
1590324669902,-0.452849,9.775296,0.102893
1590324669914,-0.500905,9.762338,0.095586
1590324669926,-0.513863,9.780725,0.048114
1590324669937,-0.491932,9.771551,0.063427
1590324669949,-0.467741,9.784604,0.074584
1590324669962,-0.477318,9.761993,0.122660
1590324669976,-0.473860,9.757895,0.118379
1590324669992,-0.475919,9.769923,0.088767
1590324670002,-0.512953,9.762827,0.060056
1590324670013,-0.507226,9.757148,0.016951
1590324670026,-0.507810,9.772106,0.004530
1590324670037,-0.498348,9.772126,0.045825
1590324670047,-0.460003,9.770498,0.060027
1590324670059,-0.473698,9.759111,0.106370
1590324670069,-0.466764,9.760739,0.139754
1590324670081,-0.451077,9.771168,0.129440
1590324670092,-0.429338,9.773485,0.134123
1590324670102,-0.480267,9.760385,0.145395
1590324670113,-0.489317,9.766869,0.124747
1590324670126,-0.447687,9.761496,0.132495
1590324670138,-0.463891,9.761218,0.155546
1590324670149,-0.498205,9.763258,0.090644
1590324670162,-0.513461,9.763794,0.030933
1590324670175,-0.523631,9.770066,0.031460
1590324670186,-0.534405,9.764043,0.043306
1590324670197,-0.557811,9.763162,-0.021653
1590324670209,-0.536004,9.774740,-0.019326
1590324670222,-0.467406,9.802600,0.104856
1590324670234,-0.472271,9.782727,0.304964
1590324670246,-0.358594,9.808278,0.108496
1590324670259,-0.469781,9.793204,0.062498
1590324670270,-0.569245,9.737535,0.136958
1590324670281,-0.508279,9.770670,0.063370
1590324670293,-0.484414,9.766993,0.026777
1590324670308,-0.466266,9.765862,0.111723
1590324670318,-0.459189,9.779242,0.108620
1590324670330,-0.468268,9.755213,0.118044
1590324670342,-0.479482,9.746354,0.117622
1590324670354,-0.541884,9.916888,0.157443
1590324670366,-0.456833,9.818007,0.107624
1590324670378,-0.457743,9.787362,0.013455
1590324670391,-0.579167,9.763066,0.013465
1590324670402,-0.610320,9.736711,0.181021
1590324670414,-0.397696,9.853203,-0.252761
1590324670425,-0.477835,9.796355,0.125236
1590324670438,-0.547027,9.726809,0.314598
1590324670450,-0.421016,9.778102,0.055756
1590324670462,-0.436607,9.769530,0.073531
1590324670475,-0.507169,9.743261,0.265009
1590324670486,-0.430583,9.766485,0.129555
1590324670497,-0.374108,9.784882,0.024296
1590324670508,-0.441826,9.769578,0.117488
1590324670518,-0.524637,9.752876,0.164348
1590324670529,-0.547065,9.758039,-0.003371
1590324670542,-0.534032,9.779156,-0.061100
1590324670554,-0.513144,9.766667,0.048708
1590324670565,-0.469302,9.776416,0.165612
1590324670577,-0.447084,9.756880,0.141995
1590324670591,-0.413929,9.773150,0.090175
1590324670602,-0.511899,9.759522,0.153851
1590324670614,-0.505119,9.767739,0.072180
1590324670626,-0.482326,9.778140,-0.009883
1590324670638,-0.480488,9.762300,0.053132
1590324670650,-0.528295,9.759542,-0.044369
1590324670662,-0.494115,9.755404,0.101122
1590324670675,-0.327881,9.796796,0.395216
1590324670685,-0.222718,9.835256,0.203708
1590324670697,-0.406497,9.768324,0.064596
1590324670708,-0.543618,9.741519,0.098411
1590324670725,-0.377183,9.787823,0.301066
1590324670737,-0.313832,9.799726,0.377336
1590324670749,-0.206457,9.814369,0.880607
1590324670762,-0.615061,9.559090,1.777321
1590324670775,-1.412253,9.288592,2.486235
1590324670785,-2.273591,9.266863,1.561853
1590324670797,-2.376485,9.261472,-0.615003
1590324670808,-2.458175,9.435769,-0.755936
1590324670818,-2.354726,9.385577,0.762103
1590324670829,-2.044007,9.257210,1.243692
1590324670842,-2.146574,9.928783,-0.132907
1590324670853,-2.310395,10.759083,-1.207406
1590324670866,-1.871557,11.754898,-2.564190
1590324670878,-1.436904,12.398373,-3.909731
1590324670892,-0.927246,12.979657,-4.634360
1590324670902,-0.253910,13.405222,-4.799034
1590324670913,0.313698,13.257738,-4.543850
1590324670926,0.580038,12.858185,-3.800383
1590324670937,0.547956,12.277141,-2.855296
1590324670950,0.273159,11.618907,-1.555379
1590324670961,-0.014538,11.217869,-0.544221
1590324670975,-0.210556,11.073901,-0.435917
1590324670985,-0.316782,11.094501,-0.547477
1590324670998,-0.406641,11.192442,-0.827714
1590324671008,-0.555570,11.219431,-1.119462
1590324671025,-0.757564,11.209327,-1.463518
1590324671037,-0.557418,11.148609,-1.166848
1590324671049,-0.256802,11.179687,-0.713348
1590324671062,0.143326,11.297596,-0.357234
1590324671075,0.425373,11.326643,-0.074843
1590324671085,0.464418,11.248812,-0.146065
1590324671098,0.437382,11.070387,-0.284843
1590324671108,0.385553,10.880622,-0.315834
1590324671124,0.420470,10.545175,-0.027696
1590324671137,0.912947,10.311434,0.593829
1590324671149,1.128962,10.120435,1.083520
1590324671162,1.101792,9.887938,1.130034
1590324671175,0.940615,9.746958,0.907326
1590324671186,0.808790,9.597454,0.771345
1590324671198,0.665148,9.384198,0.587403
1590324671208,0.580345,9.162849,0.544030
1590324671218,0.452858,8.906736,0.833479
1590324671230,0.577730,8.711743,1.487211
1590324671242,0.785643,8.472314,2.021616
1590324671254,0.958073,8.255936,2.467206
1590324671266,1.031106,8.055283,2.512475
1590324671278,0.995069,7.948099,2.373602
1590324671291,0.944034,7.795464,2.165009
1590324671302,0.989227,7.738864,1.812861
1590324671313,1.182075,7.724480,1.889743
1590324671324,1.429099,7.756792,2.133722
1590324671338,1.885578,7.793615,2.692500
1590324671350,2.038443,7.827546,2.953516
1590324671362,1.941621,7.751046,2.819680
1590324671376,1.728135,7.636440,2.675463
1590324671386,1.671009,7.571452,2.742989
1590324671397,1.703158,7.581508,3.063917
1590324671408,1.797749,7.635923,3.299335
1590324671418,2.014433,7.808957,3.707172
1590324671429,2.247849,8.007417,3.746514
1590324671441,2.387498,8.101883,3.619468
1590324671454,2.364274,8.251099,3.143912
1590324671465,2.368593,8.344980,3.050021
1590324671475,2.372051,8.396351,3.326514
1590324671485,2.289652,8.440864,4.018304
1590324671497,2.169444,8.472544,4.461911
1590324671508,2.099964,8.443181,4.437979
1590324671525,2.086958,8.409250,4.038252
1590324671541,2.127114,8.440098,3.885837
1590324671554,1.971769,8.501685,4.209840
1590324671566,1.861138,8.521931,4.529734
1590324671579,1.789110,8.456550,4.662478
1590324671591,1.740374,8.315005,4.458214
1590324671602,1.817860,8.132471,4.310492
1590324671614,1.744894,7.985189,4.444184
1590324671625,1.684752,7.968047,4.591734
1590324671641,1.647144,8.046787,4.688728
1590324671654,1.868358,8.081388,4.790510
1590324671665,1.956838,7.981416,4.819221
1590324671677,1.901877,7.820698,4.811024
1590324671690,1.892166,7.769673,4.920448
1590324671702,1.910851,7.740330,5.089652
1590324671713,1.871988,7.731270,5.220538
1590324671723,1.796580,7.727650,5.240026
1590324671733,1.652392,7.670620,5.145954
1590324671746,1.699787,7.517267,5.321314
1590324671758,1.984812,7.252429,5.776280
1590324671770,2.176463,6.950636,6.334962
1590324671781,2.297888,6.806888,6.887640
1590324671793,2.360702,6.718024,7.277990
1590324671806,2.189009,6.740128,7.351013
1590324671817,1.824592,6.857233,7.018612
1590324671829,1.639444,6.940829,6.448246
1590324671841,1.617350,6.966629,6.295735
1590324671853,1.660551,6.795089,6.334071
1590324671866,1.717083,6.585395,6.641966
1590324671878,1.717227,6.295764,7.347594
1590324671891,1.699127,6.132920,7.616981
1590324671902,1.614152,6.120336,7.540213
1590324671914,1.651070,6.158298,7.349136
1590324671924,1.660139,6.154305,7.238304
1590324671934,1.622943,6.171199,7.177979
1590324671946,1.587825,6.175020,7.373078
1590324671958,1.466870,6.136693,7.646036
1590324671969,1.243941,6.073649,7.746171
1590324671981,1.009271,5.986529,7.711705
1590324671991,0.908609,5.906658,7.691297
1590324672002,0.874621,5.642109,7.827229
1590324672013,0.904424,5.385709,8.070480
1590324672024,0.914643,5.199593,8.172866
1590324672034,0.914221,4.989497,8.349061
1590324672046,0.947778,4.789332,8.322321
1590324672058,0.892223,4.629476,8.277444
1590324672070,0.814201,4.510054,8.260198
1590324672082,0.849511,4.488008,8.347288
1590324672093,0.897088,4.508991,8.488068
1590324672108,0.895757,4.509785,8.630350
1590324672124,0.901177,4.473020,8.759531
1590324672140,0.954137,4.306038,8.958844
1590324672154,0.861032,4.142477,8.918190
1590324672165,0.810744,4.082411,8.644284
1590324672178,0.790843,4.008420,8.629345
1590324672191,0.946552,3.946995,8.584803
1590324672202,1.025647,3.892033,8.661283
1590324672213,1.081145,3.865103,8.826215
1590324672224,1.139257,3.857576,8.901498
1590324672234,1.039448,3.908113,9.089558
1590324672245,1.001102,3.972775,9.020749
1590324672257,0.937493,4.018888,8.914533
1590324672269,0.927600,3.871060,8.795224
1590324672282,0.909988,3.547642,8.960788
1590324672294,0.867381,3.270489,9.144893
1590324672307,0.860198,3.123064,9.210589
1590324672318,0.887004,3.093213,9.333776
1590324672330,1.009146,3.133704,9.166594
1590324672341,1.027974,3.267731,9.205035
1590324672353,0.995528,3.455369,8.987556
1590324672365,0.891582,3.494797,8.975221
1590324672378,0.754729,3.381360,9.060675
1590324672391,0.739397,3.174338,9.218988
1590324672402,0.818788,2.989065,9.314671
1590324672414,0.968857,2.885386,9.287579
1590324672426,1.045682,2.797854,9.411654
1590324672439,1.115947,2.706195,9.354136
1590324672450,1.122249,2.596272,9.540521
1590324672462,1.113907,2.513433,9.709953
1590324672473,1.076299,2.495850,9.661237
1590324672485,0.884897,2.498838,9.577334
1590324672497,0.747853,2.489797,9.415314
1590324672507,0.696943,2.463231,9.353121
1590324672517,0.656758,2.386588,9.328949
1590324672530,0.656385,2.247370,9.360946
1590324672540,0.669783,2.190972,9.371078
1590324672550,0.738209,2.190809,9.402758
1590324672561,0.744195,2.235026,9.412718
1590324672574,0.630307,2.321791,9.333661
1590324672586,0.555120,2.465501,9.169323
1590324672598,0.602429,2.575088,9.132950
1590324672609,0.741456,2.572215,9.190478
1590324672624,0.823557,2.405311,9.303073
1590324672634,0.782808,2.097282,9.484564
1590324672646,0.726382,1.853926,9.691298
1590324672657,0.713520,1.770771,9.794363
1590324672670,0.817495,1.757018,9.861880
1590324672682,0.939456,1.876997,9.853806
1590324672694,0.957566,2.095281,9.672681
1590324672707,0.900220,2.202800,9.517861
1590324672717,0.760829,2.117537,9.423194
1590324672729,0.628593,1.967603,9.466022
1590324672739,0.614687,1.850210,9.511944
1590324672749,0.703924,1.652162,9.640407
1590324672762,0.865600,1.596674,9.851681
1590324672773,0.959443,1.496711,9.881819
1590324672786,0.976920,1.478697,9.860356
1590324672798,0.955708,1.496261,9.759465
1590324672810,0.855669,1.504296,9.720689
1590324672824,0.760312,1.480785,9.658573
1590324672834,0.688611,1.541636,9.594744
1590324672846,0.732300,1.552716,9.549283
1590324672858,0.839828,1.528315,9.518906
1590324672869,0.862966,1.418584,9.584190
1590324672882,0.780644,1.248385,9.637486
1590324672895,0.775932,1.113026,9.735514
1590324672907,0.839637,1.018963,9.971572
1590324672918,0.856645,1.091114,9.908893
1590324672929,0.826182,1.234000,9.693185
1590324672940,0.842529,1.324300,9.629651
1590324672954,0.828585,1.345302,9.585647
1590324672966,0.856559,1.293156,9.649763
1590324672978,0.914863,1.249965,9.788464
1590324672989,0.965706,1.284776,9.856200
1590324673002,1.005536,1.361353,9.838934
1590324673013,0.927973,1.390955,9.757013
1590324673023,0.861807,1.343339,9.704398
1590324673033,0.724428,1.276560,9.584468
1590324673045,0.657793,1.192686,9.548134
1590324673058,0.677779,1.125122,9.644409
1590324673069,0.757257,1.106169,9.677134
1590324673082,0.881057,1.048651,9.807053
1590324673094,0.912832,1.001638,9.818362
1590324673106,0.785298,0.866529,9.765479
1590324673117,0.591119,0.726966,9.776110
1590324673130,0.561536,0.734790,9.606792
1590324673140,0.558261,0.805668,9.642015
1590324673157,0.737663,0.813358,9.682611
1590324673170,0.822782,0.783603,9.765470
1590324673182,0.744080,0.762094,9.757062
1590324673193,0.666871,0.774907,9.715374
1590324673206,0.688438,0.782301,9.809581
1590324673218,0.724964,0.825731,9.823764
1590324673230,0.807679,0.912315,9.754869
1590324673240,0.855333,0.989246,9.689775
1590324673250,0.885203,1.079804,9.698337
1590324673262,0.867936,1.091354,9.681212
1590324673274,0.827762,1.025178,9.758287
1590324673286,0.776076,0.984639,9.849880
1590324673297,0.733220,0.948707,9.875048
1590324673309,0.693639,0.941582,9.827997
1590324673323,0.688352,0.948180,9.764119
1590324673333,0.711279,0.966922,9.695991
1590324673345,0.755581,0.896667,9.695847
1590324673357,0.745660,0.861252,9.689162
1590324673370,0.738017,0.758675,9.789508
1590324673382,0.774084,0.743965,9.835007
1590324673394,0.793391,0.815120,9.930066
1590324673406,0.795746,0.882206,9.896815
1590324673418,0.744137,0.991037,9.788464
1590324673430,0.734417,1.014088,9.723783
1590324673440,0.736705,0.989677,9.754505
1590324673450,0.778221,0.944628,9.791576
1590324673462,0.756022,0.861846,9.821456
1590324673474,0.761433,0.810112,9.815471
1590324673486,0.751482,0.739981,9.885659
1590324673498,0.746531,0.692700,9.950743
1590324673509,0.764220,0.751300,9.872434
1590324673524,0.799357,0.841686,9.829041
1590324673541,0.787051,0.947884,9.692552
1590324673557,0.690469,0.900373,9.637352
1590324673570,0.709641,0.844090,9.721876
1590324673582,0.735738,0.834274,9.811841
1590324673594,0.783890,0.849108,9.826656
1590324673607,0.758225,0.849779,9.754609
1590324673617,0.713893,0.789885,9.746249
1590324673629,0.698532,0.687940,9.758699
1590324673640,0.700160,0.646310,9.797112
1590324673650,0.721488,0.611383,9.855913
1590324673661,0.723068,0.633046,9.805558
1590324673674,0.723039,0.653244,9.786654
1590324673685,0.733593,0.694999,9.847926
1590324673698,0.719505,0.764526,9.802724
1590324673709,0.635929,0.767361,9.731577
1590324673723,0.524953,0.705006,9.703259
1590324673734,0.530488,0.668136,9.732965
1590324673746,0.580000,0.658903,9.811582
1590324673756,0.645620,0.679848,9.849334
1590324673766,0.680394,0.685249,9.854362
1590324673778,0.643705,0.674121,9.850982
1590324673790,0.586187,0.711193,9.760806
1590324673802,0.549335,0.712984,9.735408
1590324673813,0.592335,0.711681,9.783704
1590324673825,0.635038,0.722283,9.846126
1590324673839,0.663223,0.741044,9.927414
1590324673849,0.621132,0.796350,9.833753
1590324673861,0.550638,0.799587,9.709034
1590324673873,0.507264,0.775348,9.708086
1590324673886,0.531044,0.718586,9.749343
1590324673898,0.584616,0.693227,9.780074
1590324673908,0.614323,0.697345,9.803538
1590324673923,0.602352,0.657362,9.834835
1590324673934,0.585018,0.611939,9.865308
1590324673945,0.527529,0.639405,9.820786
1590324673955,0.522472,0.659976,9.789948
1590324673965,0.570567,0.642546,9.804380
1590324673978,0.593465,0.622876,9.881464
1590324673990,0.531752,0.598608,9.828725
1590324674002,0.535660,0.624025,9.864762
1590324674014,0.551021,0.749634,9.746403
1590324674025,0.572827,0.854491,9.716666
1590324674040,0.563911,0.910946,9.701995
1590324674057,0.543809,0.808436,9.710575
1590324674069,0.565530,0.621200,9.889327
1590324674081,0.594250,0.550379,9.917186
1590324674094,0.597507,0.552543,9.896327
1590324674106,0.564926,0.586608,9.857178
1590324674118,0.550130,0.669342,9.831962
1590324674130,0.519781,0.782645,9.777978
1590324674142,0.481311,0.830472,9.711466
1590324674156,0.471562,0.788286,9.735370
1590324674173,0.494020,0.753225,9.795886
1590324674186,0.566794,0.763415,9.869081
1590324674198,0.575087,0.806137,9.861630
1590324674210,0.548713,0.787204,9.822998
1590324674224,0.518536,0.710599,9.840399
1590324674240,0.561938,0.729082,9.817655
1590324674250,0.584434,0.730998,9.771887
1590324674261,0.583017,0.751320,9.745234
1590324674274,0.598991,0.776334,9.776464
1590324674286,0.602103,0.778259,9.829567
1590324674298,0.602927,0.827695,9.837105
1590324674310,0.562829,0.847873,9.811343
1590324674323,0.484644,0.799022,9.784374
1590324674334,0.473956,0.747604,9.784786
1590324674346,0.529942,0.699002,9.866706
1590324674356,0.563681,0.709881,9.850426
1590324674366,0.577558,0.782042,9.815557
1590324674378,0.565913,0.807076,9.769215
1590324674390,0.551452,0.812065,9.826571
1590324674402,0.568642,0.809958,9.837813
1590324674413,0.578391,0.802038,9.844230
1590324674423,0.566267,0.791964,9.824013
1590324674433,0.551988,0.771977,9.818105
1590324674446,0.521572,0.782205,9.840494
1590324674456,0.528467,0.775942,9.840964
1590324674466,0.540055,0.832962,9.809476
1590324674477,0.570845,0.849003,9.774013
1590324674490,0.567282,0.835394,9.795378
1590324674502,0.553176,0.776612,9.819541
1590324674514,0.570107,0.751664,9.828687
1590324674526,0.568230,0.732319,9.831454
1590324674539,0.532221,0.702373,9.831061
1590324674549,0.514543,0.727722,9.834202
1590324674562,0.484950,0.780376,9.807560
1590324674573,0.458212,0.817371,9.771646
1590324674586,0.454151,0.823012,9.743759
1590324674598,0.462732,0.791111,9.771935
1590324674610,0.468220,0.742930,9.804888
1590324674623,0.489700,0.669965,9.808221
1590324674633,0.523056,0.631083,9.804380
1590324674646,0.528994,0.647239,9.837564
1590324674658,0.613519,0.678191,9.893455
1590324674672,0.653674,0.722618,9.903461
1590324674685,0.598033,0.777790,9.830123
1590324674697,0.541501,0.787740,9.748558
1590324674709,0.525087,0.808828,9.783111
1590324674723,0.527452,0.847701,9.797495
1590324674734,0.519887,0.852891,9.766016
1590324674746,0.489528,0.866615,9.747082
1590324674756,0.452696,0.854424,9.765278
1590324674766,0.442085,0.773212,9.757243
1590324674778,0.434404,0.677128,9.749409
1590324674790,0.477126,0.621382,9.776187
1590324674802,0.519053,0.615846,9.811152
1590324674813,0.544441,0.646952,9.830544
1590324674823,0.554353,0.685948,9.817472
1590324674834,0.491022,0.713606,9.767557
1590324674846,0.445341,0.707937,9.762548
1590324674856,0.482163,0.709555,9.788962
1590324674866,0.500072,0.749194,9.856785
1590324674878,0.488570,0.742940,9.881139
1590324674890,0.473104,0.741695,9.877672
1590324674902,0.462043,0.767035,9.805013
1590324674913,0.442621,0.800985,9.769933
1590324674924,0.451757,0.783737,9.777221
1590324674934,0.476494,0.754394,9.809245
1590324674946,0.521840,0.734771,9.823754
1590324674956,0.517646,0.719946,9.804927
1590324674966,0.501365,0.678728,9.835735
1590324674978,0.468143,0.640286,9.854458
1590324674990,0.435917,0.641703,9.823946
1590324675003,0.414274,0.645956,9.791347
1590324675013,0.436271,0.684129,9.797926
1590324675025,0.463671,0.765436,9.756621
1590324675040,0.435218,0.798074,9.729758
1590324675050,0.412013,0.783268,9.777987
1590324675061,0.422988,0.780251,9.765298
1590324675072,0.394181,0.772092,9.791567
1590324675086,0.429376,0.729848,9.828465
1590324675098,0.468746,0.716278,9.864973
1590324675110,0.493847,0.713396,9.873994
1590324675123,0.495418,0.706414,9.872702
1590324675133,0.506469,0.671794,9.869455
1590324675146,0.474588,0.693437,9.823582
1590324675156,0.456402,0.718232,9.793425
1590324675173,0.500331,0.799089,9.746469
1590324675183,0.465327,0.774687,9.778523
1590324675194,0.448396,0.791016,9.761285
1590324675207,0.429979,0.806348,9.766591
1590324675218,0.401421,0.824017,9.719903
1590324675230,0.397993,0.807306,9.734566
1590324675242,0.395110,0.758809,9.674385
1590324675256,0.412712,0.752670,9.741423
1590324675273,0.428725,0.738851,9.701334
1590324675285,0.419435,0.801253,9.694984
1590324675297,0.464054,0.927217,9.656466
1590324675310,0.494767,0.978252,9.635571
1590324675324,0.508136,0.972304,9.674845
1590324675334,0.427078,0.949770,9.647005
1590324675345,0.357435,0.877465,9.591096
1590324675356,0.366543,0.877494,9.627545
1590324675366,0.397533,0.915686,9.664301
1590324675378,0.473334,1.054933,9.741031
1590324675390,0.552036,1.202732,9.688088
1590324675402,0.534434,1.320144,9.621416
1590324675414,0.441309,1.352647,9.523340
1590324675426,0.318467,1.417071,9.422342
1590324675439,0.371082,1.462015,9.382082
1590324675450,0.399171,1.522856,9.571750
1590324675461,0.432642,1.620367,9.674136
1590324675472,0.462397,1.717552,9.637007
1590324675482,0.481014,1.892856,9.523886
1590324675494,0.478208,2.171934,9.441027
1590324675506,0.422203,2.313201,9.380204
1590324675517,0.265871,2.383140,9.338536
1590324675529,0.183329,2.478363,9.344139
1590324675539,0.173570,2.558702,9.289215
1590324675549,0.235791,2.703772,9.157343
1590324675561,0.301803,2.818933,9.053329
1590324675572,0.410644,2.898325,9.169600
1590324675582,0.514447,3.029230,9.270971
1590324675594,0.591195,3.103086,9.208348
1590324675605,0.667599,3.181233,9.453161
1590324675617,0.717561,3.384032,8.966352
1590324675630,0.678660,3.677819,8.899526
1590324675640,0.676764,3.842464,8.889604
1590324675650,0.633151,4.140590,8.678004
1590324675661,0.609755,4.316640,8.829988
1590324675672,0.598799,4.450265,8.962665
1590324675689,0.475364,4.926530,8.911840
1590324675702,0.440629,5.349461,8.283937
1590324675714,0.444450,5.501483,8.117560
1590324675726,0.568920,5.558369,8.032269
1590324675739,0.735422,5.689313,7.929759
1590324675749,0.899320,5.887897,8.029530
1590324675762,0.999742,6.028983,8.079731
1590324675772,1.051763,6.083935,7.961257
1590324675786,1.020313,6.130277,7.570092
1590324675797,0.870101,6.081626,7.134798
1590324675810,0.853140,6.007406,6.904552
1590324675822,0.913934,5.974069,7.178784
1590324675834,1.066368,5.941020,7.371517
1590324675845,1.361516,5.922096,7.514757
1590324675855,1.592939,5.879460,7.522706
1590324675865,1.928644,5.891661,7.418291
1590324675877,2.131347,6.040772,7.477083
1590324675889,2.231913,6.276007,7.286025
1590324675902,2.033644,6.388161,6.654981
1590324675913,1.725913,6.625062,6.373537
1590324675925,1.596176,6.803450,5.971675
1590324675938,1.696780,6.931492,5.521221
1590324675949,1.969375,6.921283,5.192478
1590324675961,2.097043,6.786728,4.951200
1590324675972,2.102234,6.666722,4.857452
1590324675989,1.845250,6.628127,5.020833
1590324676006,1.334834,6.710842,5.043166
1590324676017,0.795679,6.705833,4.295505
1590324676030,0.569973,6.656867,3.633785
1590324676040,0.543417,6.642118,3.291146
1590324676055,0.862631,6.803086,3.185294
1590324676065,1.029670,6.903728,3.656291
1590324676076,1.047655,7.017922,3.935397
1590324676089,0.860802,7.161077,4.038798
1590324676102,0.300453,7.109275,3.238608
1590324676114,-0.092225,7.076877,2.570319
1590324676126,-0.249064,7.186666,1.628670
1590324676138,-0.099781,7.660114,1.712640
1590324676150,0.000613,8.255696,2.591235
1590324676162,0.040203,8.829442,3.267540
1590324676172,0.056206,9.079215,3.265241
1590324676182,0.106398,9.284331,2.868886
1590324676194,0.090616,9.421548,2.139143
1590324676206,0.086373,9.462355,1.145875
1590324676218,0.222862,9.496889,0.796216
1590324676230,0.319252,9.654772,1.225640
1590324676242,0.117124,9.740953,1.923463
1590324676256,-0.278522,9.802302,2.293636
1590324676272,-1.061704,9.682277,2.274501
1590324676283,-1.511536,9.550959,1.945605
1590324676294,-1.732071,9.398765,1.647919
1590324676306,-1.710552,9.404262,1.788928
1590324676318,-1.654633,9.723093,2.648629
1590324676329,-1.656778,9.953970,3.477693
1590324676342,-1.613769,9.907006,3.571967
1590324676355,-1.704643,9.678800,3.357542
1590324676365,-1.823807,9.515926,2.972938
1590324676377,-1.480804,9.658669,2.589569
1590324676389,-1.058850,9.852456,2.509430
1590324676402,-0.346154,10.431288,2.583047
1590324676414,-0.004769,10.829558,2.346011
1590324676426,-0.017602,10.980393,1.886995
1590324676439,-0.402168,10.844095,1.502189
1590324676449,-0.944934,10.621895,1.071645
1590324676461,-1.356200,10.606439,0.599767
1590324676472,-1.483964,10.660375,0.549297
1590324676482,-1.301689,10.887862,0.834303
1590324676493,-0.905267,11.115905,1.202062
1590324676506,-0.734158,11.218683,1.415644
1590324676518,-0.922515,11.112180,1.206390
1590324676529,-1.364705,10.883179,0.807172
1590324676542,-1.707411,10.927894,0.580297
1590324676555,-1.544653,11.196263,0.444144
1590324676565,-1.063734,11.546900,0.596195
1590324676577,-0.471064,11.887345,0.869670
1590324676589,-0.173254,11.990497,0.994820
1590324676605,-0.079095,11.850935,0.985951
1590324676618,-0.527950,11.368033,0.602027
1590324676630,-0.834130,10.991790,0.578861
1590324676642,-1.070352,10.719588,0.680518
1590324676655,-1.204801,10.512614,0.738391
1590324676665,-1.311342,10.426317,0.935156
1590324676678,-1.423583,10.303265,0.920551
1590324676689,-1.529818,10.181640,0.908035
1590324676705,-1.672886,9.936338,0.895384
1590324676718,-1.609737,9.754677,0.895202
1590324676730,-1.382690,9.785945,1.075092
1590324676742,-1.135283,9.881053,1.140674
1590324676755,-0.923185,9.951011,1.293357
1590324676766,-0.788324,9.896634,1.392439
1590324676780,-0.785011,9.797045,1.301986
1590324676790,-0.864537,9.752063,1.097780
1590324676802,-0.872476,9.744726,0.925838
1590324676814,-0.841179,9.819818,0.848285
1590324676826,-0.922879,9.850263,0.962105
1590324676837,-1.031614,9.847389,0.967315
1590324676850,-1.197427,9.790351,0.983423
1590324676861,-1.331904,9.673323,0.973636
1590324676872,-1.367405,9.665441,0.956579
1590324676887,-1.340379,9.607099,0.878184
1590324676898,-1.164195,9.640809,0.878385
1590324676909,-0.962287,9.652493,0.947510
1590324676922,-0.849041,9.682209,1.043671
1590324676933,-0.832205,9.782689,0.899032
1590324676946,-0.782128,9.879788,0.582394
1590324676958,-0.609832,9.947046,0.402504
1590324676971,-0.318889,9.956882,0.487871
1590324676981,-0.088882,9.956575,0.700448
1590324676993,-2.441387,16.663691,2.081586
1590324677005,2.071913,8.729374,-7.208625
1590324677018,-1.671076,9.500432,4.625387
1590324677029,-0.280332,8.894650,0.524522
1590324677042,-0.588026,9.058865,-0.052481
1590324677055,-0.987848,10.183086,2.934219
1590324677065,-0.624532,9.866026,-0.707420
1590324677077,-1.343942,9.507730,1.153440
1590324677088,-1.049379,9.209526,1.130935
1590324677098,-1.477471,9.325894,1.659057
1590324677109,-1.551328,9.083544,1.139477
1590324677121,-1.898832,8.898520,1.835864
1590324677133,-2.086968,8.848376,1.761960
1590324677145,-1.967019,9.042440,1.016224
1590324677155,-1.944686,9.173288,0.909203
1590324677165,-1.852691,9.217150,0.680719
1590324677177,-1.976663,9.247537,0.339565
1590324677188,-2.133665,9.237587,0.119576
1590324677198,-2.643917,9.883897,-0.497142
1590324677210,0.809489,13.341373,-5.071465
1590324677222,2.053191,10.048503,-0.074498
1590324677234,2.228715,8.947256,1.881469
1590324677245,3.097800,10.761697,-0.455827
1590324677255,2.562083,9.725046,-1.253757
1590324677265,2.160709,10.406867,-0.870197
1590324677277,1.854348,10.285586,-0.387995
1590324677288,1.629302,10.414231,-0.708578
1590324677302,0.629436,10.473350,-1.026471
1590324677313,-0.954884,10.163385,-0.694386
1590324677326,-2.481791,9.613945,-0.009529
1590324677338,-3.046286,8.910174,0.410797
1590324677350,-3.218659,8.661983,0.334978
1590324677362,-3.281263,8.754265,0.265048
1590324677374,-3.032659,9.016755,-0.119116
1590324677388,-2.650123,8.992679,-0.249007
1590324677405,-1.837138,9.382091,-0.751578
1590324677418,-0.571161,9.971524,-1.099427
1590324677430,0.590515,10.302643,-0.696808
1590324677442,1.249850,10.116048,-0.018665
1590324677454,1.488427,10.461005,-0.042971
1590324677465,1.101907,9.868957,-0.057154
1590324677477,0.956340,9.947352,-1.068628
1590324677487,1.041507,10.134377,-1.739301
1590324677497,0.748993,9.903348,-1.611710
1590324677510,-0.397505,11.288747,-0.525460
1590324677522,-3.201249,7.065758,4.484924
1590324677534,-2.931671,7.427542,3.382633
1590324677546,0.967114,11.488136,-0.048899
1590324677558,1.422635,9.754505,-1.499517
1590324677570,0.366322,10.333700,0.068733
1590324677581,0.422021,10.324142,-0.533390
1590324677593,0.127036,9.838378,-1.511517
1590324677603,-1.078090,10.058224,-1.245263
1590324677613,-2.783001,9.181141,0.214702
1590324677626,-3.033061,8.761198,0.598761
1590324677637,-1.607908,9.575121,-0.940328
1590324677649,1.136767,11.047488,-1.403950
1590324677661,2.867334,9.636614,1.735825
1590324677671,2.374885,10.266490,2.942675
1590324677681,-2.060852,9.016344,2.879583
1590324677693,-1.156955,9.773553,-1.613845
1590324677704,-0.359734,10.122570,-3.032458
1590324677714,-0.490582,9.910061,-1.463327
1590324677726,-1.129987,9.601649,0.902652
1590324677738,-1.308345,9.482552,0.956043
1590324677750,-0.488762,10.015903,-0.833345
1590324677762,0.929534,9.952505,-0.420862
1590324677773,-0.075197,9.505546,1.833863
1590324677788,-0.939121,9.530943,1.496750
1590324677798,-0.384566,10.022339,-0.754154
1590324677810,-0.311390,9.991196,-1.462149
1590324677822,-1.060813,9.659589,-0.245099
1590324677834,-1.235236,9.512786,0.632452
1590324677845,0.179651,9.911305,0.212663
1590324677857,0.494278,9.892266,0.463795
1590324677870,-0.718059,9.672719,0.781707
1590324677881,-0.924440,9.689429,-0.163850
1590324677893,-0.564687,9.856393,-0.933193
1590324677903,-0.532461,9.846499,-0.584664
1590324677913,-0.587939,9.719050,0.449258
1590324677925,-0.267605,9.720402,0.652688
1590324677937,-0.100269,9.789872,0.353930
1590324677949,-0.521601,9.759398,0.022304
1590324677961,-0.709373,9.739038,-0.048267
1590324677974,-0.575940,9.780333,-0.194553
1590324677987,-0.447074,9.788761,-0.070907
1590324677997,-0.487881,9.651448,0.245080
1590324678009,-0.294937,9.706668,0.290704
1590324678022,-0.386692,9.688578,0.130120
1590324678034,-0.494326,9.752445,-0.032245
1590324678045,-0.543053,9.764215,-0.020054
1590324678055,-0.476025,9.764359,0.086402
1590324678065,-0.298145,9.779988,0.319415
1590324678078,-0.348136,9.828840,0.098344
1590324678088,-0.473142,9.760307,0.047233
1590324678099,-0.519254,9.741816,-0.055105
1590324678110,-0.591751,9.755568,-0.115563
1590324678122,-0.612427,9.750223,-0.106848
1590324678134,-0.478994,9.732095,0.017008
1590324678145,-0.350502,9.749515,0.258899
1590324678155,-0.305950,9.798223,0.304964
1590324678165,-0.428083,9.759140,0.195625
1590324678175,-0.514916,9.750779,0.086028
1590324678188,-0.568106,9.745013,-0.045873
1590324678205,-0.476944,9.768228,0.046151
1590324678218,-0.423936,9.767625,0.156763
1590324678229,-0.452179,9.777230,0.126404
1590324678242,-0.484347,9.769110,0.063102
1590324678254,-0.505215,9.785361,0.039868
1590324678265,-0.495437,9.764599,0.029382
1590324678277,-0.475297,9.758412,0.040519
1590324678288,-0.453567,9.762415,0.080838
1590324678305,-0.436204,9.774214,0.141325
1590324678317,-0.447687,9.787937,0.105919
1590324678329,-0.499038,9.772614,0.083787
1590324678342,-0.508165,9.774157,0.022132
1590324678355,-0.471964,9.783464,0.078166
1590324678365,-0.456172,9.766045,0.121922
1590324678377,-0.461056,9.774195,0.116416
1590324678388,-0.460118,9.776866,0.086258
1590324678398,-0.490754,9.771379,0.052921
1590324678409,-0.484855,9.760385,0.066396
1590324678422,-0.460367,9.761228,0.072678
1590324678434,-0.441922,9.760183,0.097348
1590324678446,-0.465117,9.762673,0.109559
1590324678458,-0.461660,9.770584,0.081068
1590324678470,-0.490917,9.769512,0.068426
1590324678482,-0.491501,9.773477,0.072420
1590324678493,-0.460903,9.758871,0.102299
1590324678504,-0.458432,9.762290,0.101600
1590324678514,-0.463077,9.762396,0.086153
1590324678526,-0.474847,9.762654,0.082859
1590324678538,-0.461765,9.768994,0.063954
1590324678549,-0.473439,9.761399,0.076998
1590324678561,-0.458087,9.761572,0.082447
1590324678571,-0.472309,9.756372,0.089486
1590324678581,-0.461085,9.767308,0.101600
1590324678594,-0.467837,9.772126,0.074958
1590324678605,-0.461851,9.760307,0.061866
1590324678617,-0.481340,9.758546,0.085990
1590324678629,-0.455052,9.764368,0.090443
1590324678642,-0.473276,9.764455,0.098928
1590324678654,-0.477059,9.774970,0.074115
1590324678666,-0.465145,9.776637,0.078511
1590324678678,-0.472951,9.761409,0.076777
1590324678688,-0.471457,9.757291,0.091640
1590324678698,-0.470901,9.765374,0.084965
1590324678710,-0.483064,9.759245,0.096247
1590324678722,-0.469331,9.777872,0.079507
1590324678734,-0.474004,9.784269,0.075456
1590324678746,-0.467521,9.774415,0.060516
1590324678757,-0.474119,9.767021,0.078673
1590324678771,-0.462474,9.764934,0.095117
1590324678781,-0.462703,9.772451,0.077553
1590324678793,-0.463881,9.780017,0.084736
1590324678805,-0.458269,9.760748,0.091985
1590324678821,-0.480765,9.776608,0.101102
1590324678834,-0.466438,9.767079,0.067976
1590324678845,-0.480095,9.775353,0.074986
1590324678855,-0.481838,9.755721,0.086249
1590324678866,-0.464331,9.778322,0.079583
1590324678877,-0.449947,9.760730,0.075666
1590324678888,-0.467109,9.774195,0.093077
1590324678898,-0.469915,9.764704,0.094025
1590324678910,-0.470192,9.764320,0.071529
1590324678921,-0.481531,9.764455,0.053889
1590324678933,-0.465059,9.765230,0.073933
1590324678945,-0.465481,9.763507,0.093249
1590324678958,-0.459198,9.758326,0.100422
1590324678970,-0.483399,9.768113,0.095806
1590324678982,-0.464437,9.776522,0.059903
1590324678994,-0.466687,9.759513,0.075877
1590324679007,-0.451259,9.770402,0.088825
1590324679021,-0.463565,9.767835,0.073626
1590324679034,-0.462158,9.772327,0.081958
1590324679045,-0.477883,9.762951,0.070121
1590324679057,-0.465098,9.762616,0.091200
1590324679070,-0.465251,9.762817,0.072247
1590324679081,-0.468545,9.754609,0.091889
1590324679091,-0.471102,9.778428,0.063398
1590324679104,-0.472730,9.772672,0.070495
1590324679121,-0.476810,9.764244,0.076634
1590324679134,-0.450522,9.767912,0.088509
1590324679145,-0.471935,9.776311,0.072305
1590324679158,-0.460731,9.764780,0.066626
1590324679171,-0.473094,9.760443,0.075963
1590324679182,-0.473152,9.760854,0.076681
1590324679194,-0.490304,9.770652,0.089897
1590324679204,-0.457120,9.778552,0.067153
1590324679221,-0.472558,9.758966,0.088691
1590324679234,-0.481139,9.753729,0.085665
1590324679245,-0.467243,9.757253,0.068129
1590324679258,-0.469723,9.754754,0.081039
1590324679271,-0.465452,9.767921,0.094667
1590324679282,-0.456680,9.782200,0.073502
1590324679294,-0.479884,9.758508,0.082016
1590324679305,-0.474406,9.783350,0.075609
1590324679321,-0.469455,9.780554,0.085023
1590324679334,-0.468823,9.770939,0.086641
1590324679345,-0.453701,9.768985,0.080694
1590324679358,-0.461842,9.763487,0.072554
1590324679371,-0.465213,9.775181,0.076375
1590324679382,-0.464791,9.764129,0.086881
1590324679394,-0.479310,9.780984,0.084783
1590324679405,-0.471505,9.773390,0.090683
1590324679421,-0.465423,9.786999,0.076605
1590324679433,-0.474291,9.774214,0.085837
1590324679446,-0.480574,9.768438,0.084372
1590324679458,-0.470997,9.773112,0.076528
1590324679471,-0.463747,9.766197,0.079995
1590324679481,-0.475546,9.762377,0.078664
1590324679494,-0.466505,9.770727,0.086555
1590324679504,-0.461736,9.771197,0.105297
1590324679514,-0.470777,9.763813,0.090089
1590324679525,-0.468880,9.765940,0.069834
1590324679538,-0.471811,9.768104,0.076547
1590324679550,-0.467607,9.773314,0.090146
1590324679561,-0.465672,9.762234,0.077955
1590324679574,-0.467166,9.754571,0.080033
1590324679587,-0.468833,9.778283,0.088250
1590324679597,-0.475910,9.758383,0.082954
1590324679609,-0.472433,9.771340,0.079152
1590324679620,-0.456431,9.772691,0.088174
1590324679634,-0.471131,9.742266,0.067066
1590324679646,-0.500838,9.804457,0.053257
1590324679657,-0.482585,9.723552,0.063188
1590324679670,-0.455971,9.724663,0.088030
1590324679681,-0.455971,9.766045,0.061215
1590324679693,-0.470853,9.762692,0.070983
1590324679703,-0.488609,9.781339,0.087580
1590324679713,-0.464638,9.735667,0.073148
1590324679724,-0.457178,9.749409,0.077237
1590324679734,-0.475134,9.792505,0.108850
1590324679746,-0.483437,9.778657,0.108237
1590324679758,-0.459227,9.779681,0.083261
1590324679770,-0.460721,9.757779,0.084688
1590324679781,-0.460903,9.756305,0.098450
1590324679793,-0.468526,9.776991,0.088863
1590324679804,-0.466850,9.764368,0.089859
1590324679820,-0.469321,9.765623,0.083002
1590324679830,-0.478304,9.768784,0.090922
1590324679842,-0.465509,9.757416,0.091095
1590324679854,-0.477231,9.766207,0.083692
1590324679866,-0.459744,9.769655,0.078645
1590324679878,-0.467348,9.758603,0.080072
1590324679889,-0.467396,9.775095,0.086910
1590324679905,-0.459639,9.773582,0.072889
1590324679919,-0.468009,9.761784,0.061627
1590324679929,-0.467023,9.762320,0.081278
1590324679942,-0.475287,9.776091,0.045978
1590324679954,-0.452370,9.766045,0.068014
1590324679966,-0.449650,9.761304,0.108314
1590324679977,-0.456038,9.765365,0.102012
1590324679989,-0.468392,9.766159,0.086143
1590324680003,-0.484577,9.765451,0.071031
1590324680014,-0.476868,9.758958,0.068292
1590324680024,-0.462617,9.771714,0.078070
1590324680037,-0.469560,9.763813,0.096802
1590324680050,-0.453356,9.774607,0.086067
1590324680062,-0.460750,9.774338,0.055047
1590324680074,-0.468919,9.758086,0.084927
1590324680087,-0.443952,9.769205,0.094236
1590324680097,-0.461458,9.758622,0.094379
1590324680107,-0.469005,9.761859,0.084515
1590324680120,-0.467463,9.774089,0.072314
1590324680130,-0.479108,9.760203,0.066674
1590324680142,-0.484194,9.774060,0.076777
1590324680153,-0.470451,9.766073,0.094322
1590324680167,-0.454965,9.763947,0.085760
1590324680177,-0.461516,9.762444,0.090242
1590324680187,-0.456737,9.782239,0.070198
1590324680197,-0.459783,9.762033,0.058811
1590324680209,-0.471639,9.768534,0.077773
1590324680220,-0.472510,9.780247,0.082188
1590324680234,-0.475297,9.764627,0.083280
1590324680246,-0.466726,9.772825,0.072784
1590324680258,-0.464609,9.776388,0.071845
1590324680270,-0.477672,9.765346,0.087580
1590324680282,-0.474454,9.760816,0.086364
1590324680294,-0.471409,9.768123,0.095040
1590324680306,-0.462588,9.766246,0.056494
1590324680320,-0.485458,9.769061,0.078166
1590324680336,-0.466563,9.767941,0.087015
1590324680346,-0.454314,9.770267,0.104272
1590324680358,-0.470700,9.766715,0.091918
1590324680370,-0.464925,9.761045,0.081470
1590324680382,-0.466007,9.761879,0.085080
1590324680394,-0.462033,9.760893,0.080033
1590324680405,-0.476130,9.765268,0.094293
1590324680419,-0.471026,9.773716,0.074919
1590324680429,-0.460137,9.767251,0.079756
1590324680441,-0.470097,9.772863,0.071548
1590324680454,-0.450953,9.769205,0.077361
1590324680466,-0.462703,9.746891,0.090951
1590324680478,-0.481570,9.764244,0.077754
1590324680490,-0.460702,9.776828,0.088317
1590324680503,-0.465481,9.769061,0.063513
1590324680514,-0.485860,9.745761,0.082332
1590324680525,-0.469350,9.774559,0.086862
1590324680537,-0.471256,9.773198,0.081623
1590324680550,-0.466927,9.765804,0.080139
1590324680561,-0.475814,9.786462,0.075618
1590324680574,-0.465347,9.776876,0.106360
1590324680587,-0.456440,9.766667,0.088346
1590324680597,-0.468430,9.764014,0.086661
1590324680610,-0.465318,9.769655,0.080072
1590324680621,-0.452581,9.776368,0.081776
1590324680637,-0.479884,9.770871,0.093613
1590324680649,-0.472692,9.765144,0.081537
1590324680662,-0.465576,9.758076,0.079976
1590324680674,-0.478611,9.775536,0.081843
1590324680687,-0.463719,9.759331,0.079985
1590324680698,-0.462378,9.770613,0.097032
1590324680710,-0.471619,9.773293,0.080321
1590324680722,-0.468813,9.782660,0.070255
1590324680736,-0.463355,9.769444,0.078894
1590324680750,-0.465787,9.762012,0.085186
1590324680761,-0.473180,9.765853,0.079650
1590324680774,-0.467952,9.761974,0.082945
1590324680787,-0.470968,9.775057,0.079708
1590324680803,-0.473966,9.758641,0.076892
1590324680813,-0.455234,9.763401,0.094648
1590324680825,-0.468248,9.773485,0.069566
1590324680836,-0.467559,9.773648,0.091459
1590324680850,-0.468670,9.763085,0.080800
1590324680861,-0.463470,9.758862,0.084669
1590324680874,-0.485918,9.755998,0.072899
1590324680887,-0.470068,9.768956,0.071587
1590324680898,-0.472252,9.759580,0.078195
1590324680909,-0.458241,9.756698,0.089093
1590324680920,-0.454113,9.772480,0.082025
1590324680930,-0.475805,9.762932,0.087216
1590324680949,-0.454324,9.769424,0.100260
1590324680961,-0.481321,9.757176,0.086191
1590324680975,-0.497467,9.754457,0.044858
1590324680992,-0.474722,9.768295,0.068963
1590324681009,-0.456268,9.770411,0.092301
1590324681025,-0.473046,9.771120,0.068417
1590324681042,-0.452763,9.765910,0.087551
1590324681059,-0.447744,9.768534,0.116914
1590324681069,-0.465634,9.758373,0.031919
1590324681082,-0.483447,9.758652,0.025704
