1590324608358,-0.633822,9.765718,0.024220
1590324608368,-0.568834,9.767663,0.115487
1590324608381,-0.501365,9.734422,0.257635
1590324608393,-0.565539,9.770114,0.172057
1590324608405,-0.572559,9.749955,0.070706
1590324608417,-0.554076,9.752685,0.124968
1590324608429,-0.537929,9.769942,0.151448
1590324608441,-0.548196,9.758966,0.148498
1590324608451,-0.552994,9.752886,0.147339
1590324608461,-0.568355,9.760307,0.148057
1590324608473,-0.548081,9.763507,0.148450
1590324608485,-0.533936,9.763621,0.144792
1590324608497,-0.536387,9.762434,0.141967
1590324608509,-0.546261,9.768305,0.148757
1590324608521,-0.547832,9.755597,0.171262
1590324608535,-0.538351,9.749074,0.169011
1590324608545,-0.545026,9.777020,0.145960
1590324608557,-0.554009,9.773726,0.128971
1590324608567,-0.570184,9.772413,0.149274
1590324608577,-0.538724,9.758460,0.144275
1590324608589,-0.566602,9.759465,0.143039
1590324608601,-0.539663,9.767040,0.188960
1590324608613,-0.523286,9.763621,0.171425
1590324608625,-0.540592,9.753796,0.142235
1590324608637,-0.553539,9.774712,0.143173
1590324608650,-0.538465,9.762999,0.155681
1590324608661,-0.545753,9.755826,0.143978
1590324608673,-0.532030,9.760730,0.136268
1590324608685,-0.538839,9.768180,0.175141
1590324608697,-0.554823,9.753863,0.198977
1590324608709,-0.522262,9.762320,0.147004
1590324608721,-0.567273,9.767289,0.128578
1590324608733,-0.536368,9.771398,0.160737
1590324608745,-0.513192,9.766083,0.094083
1590324608757,-0.581178,9.756257,0.175007
1590324608767,-0.545457,9.747724,0.249083
1590324608777,-0.511248,9.761802,0.177066
1590324608789,-0.570749,9.765422,0.138682
1590324608802,-0.545763,9.750846,0.089016
1590324608813,-0.497371,9.767739,0.151821
1590324608825,-0.550427,9.744314,0.175734
1590324608837,-0.586024,9.757636,0.106398
1590324608850,-0.550963,9.756113,0.145184
1590324608861,-0.532030,9.759867,0.201937
1590324608873,-0.539078,9.789614,0.153468
1590324608885,-0.538580,9.763862,0.121214
1590324608897,-0.542229,9.782182,0.039045
1590324608909,-0.576821,9.771168,0.115793
1590324608921,-0.544240,9.765766,0.190128
1590324608933,-0.521534,9.743778,0.206237
1590324608945,-0.581944,9.744669,0.197598
1590324608957,-0.549038,9.759513,0.100959
1590324608969,-0.557571,9.762033,0.121530
1590324608981,-0.604287,9.713266,0.336778
1590324608993,-0.451786,9.741662,0.328647
1590324609005,-0.536646,9.817549,-0.069202
1590324609017,-0.682501,9.752120,0.060085
1590324609029,-0.504746,9.777307,0.008868
1590324609041,-0.515807,9.757483,0.158592
1590324609053,-0.563844,9.745685,0.261265
1590324609071,-0.517780,9.753930,0.139659
1590324609082,-0.526973,9.768898,0.115037
1590324609094,-0.553243,9.761486,0.187533
1590324609105,-0.544250,9.756487,0.176242
1590324609120,-0.580929,9.768142,0.101907
1590324609138,-0.554947,9.775602,0.097569
1590324609156,-0.531034,9.759867,0.265048
1590324609171,-0.657055,9.716983,0.395101
1590324609182,-0.487555,9.826972,-0.242513
1590324609193,-0.604277,9.774482,-0.068445
1590324609204,-0.662255,9.725563,0.186738
1590324609221,-0.448396,9.776972,0.239746
1590324609237,-0.533055,9.755213,0.154148
1590324609254,-0.514648,9.756726,0.161589
1590324609271,-0.503405,9.777431,0.210240
1590324609281,-0.519973,9.779366,0.184737
1590324609294,-0.374855,9.812540,0.193442
1590324609305,-0.347619,9.808498,0.277804
1590324609322,-0.568604,9.788665,0.049206
1590324609338,-0.554938,9.764292,0.118705
1590324609355,-1.176338,9.571923,0.272968
1590324609371,-1.004080,9.678091,-0.248748
1590324609382,-0.781161,9.751947,-0.289804
1590324609394,-0.638141,9.788885,-0.117105
1590324609405,-0.519456,9.815068,0.033404
1590324609422,-0.414570,9.746306,0.401805
1590324609439,-0.141670,9.796001,0.856080
1590324609455,0.180590,9.899047,0.813693
1590324609472,-0.229623,9.809628,0.526590
1590324609482,-0.546797,9.770191,0.145558
1590324609494,-0.532681,9.795723,-0.048449
1590324609505,-0.536780,9.849133,-0.181720
1590324609522,-0.651022,9.847917,-0.587384
1590324609539,-0.966472,9.832134,-0.999359
1590324609554,-1.517742,9.559367,-0.293213
1590324609572,-1.757765,9.411080,0.024019
1590324609589,-1.040309,9.627995,-0.217097
1590324609605,-0.608482,9.827346,-0.004741
1590324609621,-0.154464,10.030977,0.366380
1590324609638,0.025819,10.041426,0.377460
1590324609654,0.124518,10.043800,0.100288
1590324609671,1.093307,10.776857,0.001963
1590324609682,0.121827,11.451256,0.269290
1590324609694,-0.580546,11.724779,-0.725319
1590324609705,-1.105537,11.858874,-1.002989
1590324609721,-2.169913,12.190106,-0.591646
1590324609738,-2.777466,12.340184,-1.074345
1590324609754,-2.483802,12.460154,-1.031154
1590324609771,-1.768846,12.757791,0.055545
1590324609782,-1.486138,12.815606,0.802814
1590324609794,-1.524120,12.758662,1.104244
1590324609804,-1.548886,12.656592,1.300952
1590324609821,-1.292246,12.566753,1.583410
1590324609838,-1.120678,12.448546,1.957423
1590324609854,-0.709546,12.259922,1.766183
1590324609870,-0.462770,12.038467,1.251047
1590324609882,-0.528372,11.735946,0.942578
1590324609893,-0.759699,11.302194,1.200462
1590324609906,-0.877427,10.778342,1.685949
1590324609920,-0.928605,10.297902,2.148997
1590324609937,-1.049369,9.837487,2.490592
1590324609954,-1.139353,9.489409,1.880933
1590324609971,-1.426341,9.311366,0.701348
1590324609982,-1.551041,8.794611,0.761126
1590324609995,-1.351728,8.410342,1.030407
1590324610005,-1.023186,8.101835,1.538332
1590324610021,-0.628047,7.901516,2.492824
1590324610037,-0.032523,7.767595,2.970773
1590324610054,0.343099,7.737983,2.689914
1590324610072,0.414609,7.690387,2.483074
1590324610082,0.452887,7.560525,2.410760
1590324610094,0.540218,7.467180,2.610934
1590324610104,0.559017,7.408254,2.891956
1590324610114,0.506508,7.398993,3.449786
1590324610126,0.279681,7.358071,3.773329
1590324610137,0.025446,7.265761,3.909789
1590324610154,-0.136939,7.415561,3.823406
1590324610171,0.027926,7.551293,3.792722
1590324610181,0.286021,7.442299,3.957797
1590324610194,0.257281,7.273815,4.340391
1590324610204,0.113399,7.184932,4.661204
1590324610214,-0.199571,7.172023,4.960326
1590324610226,-0.557428,7.276975,5.042284
1590324610237,-0.750142,7.307869,4.992916
1590324610255,-0.733536,7.395009,4.951372
1590324610270,-0.221263,7.550288,5.021398
1590324610281,-0.065716,7.575293,4.972383
1590324610293,-0.171291,7.565199,4.932324
1590324610303,-0.259675,7.548918,5.021599
1590324610313,-0.392103,7.449597,5.386973
1590324610325,-0.221138,7.427867,5.629343
1590324610337,0.057413,7.504031,5.684189
1590324610354,0.417961,7.680608,5.888003
1590324610370,0.266216,7.705422,5.941125
1590324610381,0.207932,7.786145,5.627686
1590324610393,0.205097,7.792638,5.636305
1590324610404,0.214932,7.765862,5.732083
1590324610419,-0.029267,7.527706,5.968927
1590324610430,-0.128521,7.458704,5.857203
1590324610441,-0.076222,7.548075,5.711856
1590324610453,-0.083040,7.537196,5.759942
1590324610470,-0.029085,7.433987,5.954954
1590324610481,0.209359,7.230537,6.117051
1590324610494,0.125743,6.923782,6.601561
1590324610504,-0.108553,6.653103,6.853996
1590324610520,-0.783028,6.075737,7.303886
1590324610530,-0.992579,5.745452,7.554760
1590324610542,-0.925847,5.526823,7.953768
1590324610553,-0.766058,5.479571,8.169916
1590324610570,-0.283244,5.683212,8.166047
1590324610581,0.057968,6.086549,7.635876
1590324610593,0.103343,6.223967,7.376315
1590324610603,0.121051,6.230450,7.213500
1590324610613,-0.013829,6.048539,7.259421
1590324610625,-0.227037,5.764567,7.425004
1590324610636,-0.360643,5.540853,7.564882
1590324610652,-0.342677,5.321927,7.883522
1590324610662,-0.225812,5.327405,8.088169
1590324610674,-0.214291,5.374427,8.196329
1590324610686,-0.309542,5.399413,7.960175
1590324610698,-0.301650,5.394500,7.808028
1590324610710,-0.295895,5.290832,7.887477
1590324610720,-0.418564,5.193339,8.000790
1590324610730,-0.667829,4.992035,8.121200
1590324610742,-0.812468,4.938712,8.180834
1590324610752,-0.883930,4.949112,8.235288
1590324610769,-0.762304,4.934881,8.217887
1590324610781,-0.493292,4.923015,8.278604
1590324610794,-0.344755,4.908343,8.279944
1590324610806,-0.386654,4.826059,8.401991
1590324610820,-0.609592,4.765955,8.376948
1590324610837,-0.904022,4.789936,8.245880
1590324610853,-1.035186,4.735597,8.187174
1590324610870,-0.843506,4.491158,8.478223
1590324610886,-0.700965,4.405896,8.771886
1590324610897,-0.797413,4.456203,8.713428
1590324610910,-0.970226,4.510015,8.558017
1590324610920,-1.004722,4.484618,8.537196
1590324610936,-0.987637,4.379311,8.639640
1590324610953,-0.902528,4.318192,8.784336
1590324610969,-0.845488,4.286655,8.748576
1590324610986,-0.859375,4.282480,8.759503
1590324610997,-0.825444,4.279645,8.883436
1590324611009,-0.818721,4.247199,8.873812
1590324611019,-0.832138,4.177202,8.864273
1590324611029,-0.860553,4.156124,8.854792
1590324611041,-0.941592,4.190858,8.877738
1590324611053,-0.973607,4.242880,8.807110
1590324611069,-0.971586,4.206469,8.811591
1590324611087,-0.834111,4.104571,9.161623
1590324611097,-0.777618,4.003230,9.184235
1590324611110,-0.772877,3.962155,9.025758
1590324611120,-0.775855,3.958113,9.003453
1590324611138,-0.861635,3.822477,9.068183
1590324611154,-0.923482,3.669373,9.217936
1590324611170,-1.083903,3.630338,9.219305
1590324611186,-1.114338,3.644550,9.064840
1590324611197,-0.982255,3.595469,9.027806
1590324611210,-0.843640,3.557458,9.022347
1590324611222,-0.786007,3.518404,9.002974
1590324611236,-0.825377,3.487136,9.009592
1590324611246,-0.958859,3.438476,9.075336
1590324611258,-1.057663,3.403348,9.081839
1590324611269,-1.059731,3.368374,9.064113
1590324611286,-1.114491,3.283054,9.110167
1590324611298,-1.151467,3.234653,8.931589
1590324611310,-1.057739,3.208824,8.932652
1590324611322,-0.952011,3.137132,9.086196
1590324611336,-0.891074,3.053680,9.220052
1590324611346,-1.003554,2.954809,9.351886
1590324611357,-1.042991,2.960766,9.344723
1590324611370,-1.091928,2.977812,9.335135
1590324611387,-1.083539,3.130352,9.235604
1590324611398,-1.058783,3.314083,9.086455
1590324611410,-1.076175,3.349651,9.090526
1590324611420,-1.116024,3.320049,9.134723
1590324611430,-1.155940,3.216725,9.188257
1590324611442,-1.173590,3.154457,9.255362
1590324611453,-1.170602,3.163239,9.365504
1590324611469,-1.097138,3.243961,9.418052
1590324611486,-1.098728,3.194717,9.333241
1590324611498,-1.119701,2.927869,9.307229
1590324611510,-1.130082,2.742309,9.490472
1590324611521,-1.100308,2.708302,9.524776
1590324611536,-1.059683,2.742558,9.492195
1590324611553,-1.034774,2.830780,9.427581
1590324611569,-1.020859,2.944811,9.342098
1590324611585,-1.103210,2.884573,9.254116
1590324611598,-1.212318,2.833480,9.290633
1590324611610,-1.243951,2.822294,9.377484
1590324611622,-1.173111,2.833222,9.446198
1590324611636,-1.137926,2.805861,9.434716
1590324611646,-1.116311,2.696072,9.360496
1590324611657,-1.097770,2.554508,9.390011
1590324611670,-1.066023,2.453396,9.402921
1590324611686,-0.973339,2.416755,9.519174
1590324611698,-0.955028,2.496836,9.485951
1590324611709,-0.982523,2.570329,9.433921
1590324611720,-1.047454,2.594395,9.387167
1590324611730,-1.143088,2.567494,9.286487
1590324611741,-1.224768,2.449374,9.327092
1590324611753,-1.218907,2.364887,9.389657
1590324611770,-1.152186,2.350043,9.503908
1590324611786,-1.074259,2.496262,9.481009
1590324611798,-1.044954,2.514879,9.413283
1590324611809,-1.111743,2.475250,9.367956
1590324611820,-1.151649,2.387689,9.341744
1590324611835,-1.146641,2.241643,9.487522
1590324611846,-1.094811,2.200070,9.571358
1590324611857,-1.054081,2.214713,9.614070
1590324611869,-1.069662,2.255348,9.640895
1590324611885,-1.151400,2.322490,9.507739
1590324611897,-1.261390,2.326676,9.423520
1590324611909,-1.255165,2.273189,9.394254
1590324611920,-1.188319,2.256621,9.423989
1590324611930,-1.100117,2.234336,9.565707
1590324611941,-1.102415,2.197868,9.606294
1590324611953,-1.119012,2.183541,9.549417
1590324611970,-1.168648,2.109225,9.515659
1590324611987,-1.198739,2.025600,9.558458
1590324611997,-1.172508,1.965496,9.639985
1590324612010,-1.189717,1.956944,9.609014
1590324612020,-1.216149,1.972056,9.577171
1590324612035,-1.173264,1.982370,9.513446
1590324612046,-1.124604,1.928434,9.561043
1590324612058,-1.129125,1.914720,9.622708
1590324612070,-1.141000,1.903793,9.629538
1590324612087,-1.194860,1.894149,9.617145
1590324612098,-1.253259,1.839638,9.571817
1590324612109,-1.247063,1.808264,9.570745
1590324612119,-1.203584,1.782732,9.615698
1590324612129,-1.154570,1.723308,9.680264
1590324612141,-1.091383,1.647450,9.760979
1590324612152,-1.062374,1.657678,9.739565
1590324612168,-1.167173,1.702153,9.604263
1590324612178,-1.211399,1.806272,9.468455
1590324612190,-1.212922,1.854970,9.400431
1590324612202,-1.187945,1.855918,9.449645
1590324612213,-1.135589,1.832637,9.485224
1590324612226,-1.105623,1.851762,9.472277
1590324612236,-1.084391,1.868646,9.487666
1590324612246,-1.033922,1.844321,9.515525
1590324612257,-1.049656,1.783240,9.583510
1590324612268,-1.081212,1.732789,9.585953
1590324612278,-1.098000,1.671000,9.582706
1590324612290,-1.135148,1.583717,9.626845
1590324612303,-1.158573,1.495610,9.717758
1590324612313,-1.099101,1.503396,9.770277
1590324612325,-1.084439,1.624485,9.774108
1590324612338,-1.127506,1.719908,9.671550
1590324612351,-1.183722,1.791227,9.580608
1590324612361,-1.212797,1.818942,9.556265
1590324612373,-1.237649,1.758005,9.581816
1590324612384,-1.209761,1.766289,9.541670
1590324612402,-1.155461,1.819229,9.557432
1590324612413,-1.196440,1.845575,9.558496
1590324612425,-1.215326,1.822304,9.575055
1590324612435,-1.208976,1.797298,9.579967
1590324612445,-1.156648,1.780817,9.580102
1590324612457,-1.094955,1.784619,9.612566
1590324612467,-1.094323,1.730711,9.669529
1590324612477,-1.113601,1.640268,9.731750
1590324612489,-1.168600,1.622378,9.660661
1590324612501,-1.177373,1.616306,9.588749
1590324612513,-1.168773,1.590296,9.669874
1590324612525,-1.144850,1.539280,9.760002
1590324612538,-1.140004,1.514285,9.801517
1590324612551,-1.056149,1.634292,9.716925
1590324612562,-1.029641,1.742318,9.643327
1590324612574,-1.039045,1.852442,9.488557
1590324612585,-1.061627,1.919307,9.363665
1590324612602,-1.125533,1.933069,9.353380
1590324612613,-1.179824,1.833614,9.497070
1590324612625,-1.163170,1.709364,9.591498
1590324612637,-1.145309,1.699404,9.667423
1590324612652,-1.150117,1.707717,9.678733
1590324612662,-1.132266,1.777082,9.602214
1590324612674,-1.147311,1.858676,9.532112
1590324612686,-1.146497,1.921596,9.531279
1590324612703,-1.137725,1.914787,9.482370
1590324612713,-1.157549,1.880894,9.566091
1590324612726,-1.150213,1.840930,9.573101
1590324612738,-1.145673,1.812545,9.600030
1590324612750,-1.149552,1.771278,9.635810
1590324612762,-1.173504,1.721335,9.676262
1590324612774,-1.121502,1.711308,9.577276
1590324612785,-1.061388,1.677541,9.733024
1590324612801,-1.190263,1.622570,9.756717
1590324612813,-1.092513,1.742605,9.652857
1590324612826,-1.105135,1.819756,9.640924
1590324612838,-1.127640,1.883576,9.572602
1590324612852,-1.141919,1.887186,9.519365
1590324612862,-1.169960,1.841007,9.553708
1590324612873,-1.177028,1.772801,9.591909
1590324612885,-1.203393,1.723729,9.618773
1590324612902,-1.192887,1.610666,9.703910
1590324612914,-1.093422,1.566689,9.759522
1590324612926,-1.110306,1.682521,9.627507
1590324612938,-1.011340,1.881163,9.568072
1590324612951,-1.109416,1.971012,9.508812
1590324612962,-1.175764,2.016282,9.438920
1590324612974,-1.203690,2.008659,9.471472
1590324612985,-1.197800,1.975456,9.555297
1590324613001,-1.036201,2.047626,9.544217
1590324613014,-1.068216,2.052109,9.556590
1590324613026,-1.090492,1.999915,9.596602
1590324613038,-1.154858,1.848151,9.638481
1590324613051,-1.224452,1.645564,9.946902
1590324613061,-1.278417,1.479358,10.028756
1590324613074,-1.307799,1.468508,9.863997
1590324613085,-1.304227,1.518546,9.838503
1590324613101,-1.263095,1.724017,9.689603
1590324613114,-1.174902,1.878950,9.560575
1590324613125,-1.126529,1.972765,9.531978
1590324613138,-1.121080,2.004952,9.490328
1590324613151,-1.137763,2.008994,9.497568
1590324613162,-1.135110,2.040846,9.426308
1590324613173,-1.126137,2.015525,9.459107
1590324613184,-1.086048,1.956159,9.510985
1590324613201,-1.040501,1.852518,9.607587
1590324613213,-1.088117,1.745756,9.740445
1590324613226,-1.135599,1.715398,9.657855
1590324613238,-1.205030,1.683603,9.611159
1590324613252,-1.229854,1.688583,9.629259
1590324613262,-1.229260,1.756683,9.563686
1590324613273,-1.189028,1.819957,9.581968
1590324613285,-1.155356,1.868282,9.629633
1590324613301,-1.118638,1.976299,9.507270
1590324613313,-1.098948,2.021472,9.478999
1590324613325,-1.109195,1.951974,9.519882
1590324613335,-1.125543,1.887368,9.562567
1590324613345,-1.199600,1.716547,8.954449
1590324613358,-1.170142,1.810945,9.597387
1590324613368,-1.177890,1.847471,9.521290
1590324613378,-1.175553,1.885338,9.455890
1590324613390,-1.171952,1.928089,9.491631
1590324613401,-1.163046,1.884476,9.538863
1590324613414,-1.158650,1.650725,9.809887
1590324613425,-1.195674,1.554287,9.867329
1590324613435,-1.205500,1.531925,9.893847
1590324613445,-1.227067,1.533275,9.846815
1590324613458,-1.216063,1.667063,9.717184
1590324613469,-1.215747,1.791313,9.702282
1590324613485,-1.176128,2.022564,9.559540
1590324613501,-1.194170,2.191719,9.437905
1590324613514,-1.185886,2.281157,9.397749
1590324613525,-1.168619,2.272864,9.370599
1590324613538,-1.140243,2.158660,9.591996
1590324613550,-1.146277,1.963590,9.641144
1590324613562,-1.173590,1.825722,9.696612
1590324613574,-1.241307,1.748275,9.718822
1590324613584,-1.270727,1.759346,9.715785
1590324613594,-1.306420,1.848601,9.625936
1590324613606,-1.340447,1.854367,9.608975
1590324613618,-1.306008,1.897721,9.560401
1590324613630,-1.247695,1.938422,9.527639
1590324613641,-1.174777,1.960516,9.521242
1590324613651,-1.009702,2.033079,9.524344
1590324613662,-1.166963,1.802757,9.664769
1590324613674,-1.194228,1.736064,9.658123
1590324613684,-1.164387,1.784743,9.572469
1590324613694,-1.138424,1.863752,9.557319
1590324613706,-1.165124,1.875589,9.563055
1590324613717,-1.180811,1.884821,9.510459
1590324613729,-1.128215,1.882992,9.534574
1590324613742,-1.134976,1.831018,9.608544
1590324613753,-1.150069,1.790422,9.621215
1590324613767,-1.179288,1.826556,9.581432
1590324613777,-1.190637,1.853380,9.577525
1590324613790,-1.230217,1.838728,9.556140
1590324613801,-1.274548,1.815207,9.526337
1590324613817,-1.330841,1.802106,9.553152
1590324613829,-1.253001,1.859318,9.553659
1590324613839,-1.200338,1.886190,9.579622
1590324613850,-1.113859,1.941630,9.572613
1590324613862,-1.206295,1.885597,9.571540
1590324613874,-1.220440,1.881076,9.525772
1590324613884,-1.200663,1.862315,9.523751
1590324613894,-1.192830,1.867334,9.612423
1590324613905,-1.182324,1.884304,9.611570
1590324613918,-1.161399,1.908198,9.629575
1590324613930,-1.220143,1.921577,9.620113
1590324613942,-1.251363,1.878749,9.627928
1590324613953,-1.207453,1.864192,9.655451
1590324613968,-1.188223,1.838153,9.622957
1590324613983,-1.259408,1.776967,9.717040
1590324613993,-1.225314,1.808781,9.623647
1590324614005,-1.209158,1.780204,9.681931
1590324614017,-1.192360,1.793669,9.632496
1590324614029,-1.229154,1.825789,9.592857
1590324614041,-1.194534,1.838211,9.521846
1590324614054,-1.223456,1.867516,9.531978
1590324614066,-1.214789,1.888834,9.488039
1590324614078,-1.217643,1.870446,9.530082
1590324614090,-1.238185,1.740652,9.592111
1590324614100,-1.237908,1.720751,9.601678
1590324614117,-1.281243,1.657879,9.625677
1590324614129,-1.277661,1.624370,9.601439
1590324614142,-1.287774,1.633027,9.600079
1590324614154,-1.295455,1.687721,9.576740
1590324614167,-1.227919,1.752987,9.519815
1590324614178,-1.133971,1.825857,9.569882
1590324614190,-1.089419,1.805171,9.651516
1590324614200,-1.122890,1.759844,9.600654
1590324614210,-1.172211,1.708004,9.622499
1590324614222,-1.202397,1.640794,9.716436
1590324614234,-1.276636,1.643399,9.684929
1590324614246,-1.306142,1.717399,9.622153
1590324614257,-1.246958,1.789666,9.586766
1590324614267,-1.228130,1.827169,9.629470
1590324614278,-1.272949,1.862651,9.639191
1590324614290,-1.283608,1.850057,9.649246
1590324614300,-1.274807,1.841965,9.648346
1590324614310,-1.244487,1.888757,9.683665
1590324614322,-1.171559,1.974221,9.604417
1590324614333,-1.142494,2.017172,9.590549
1590324614346,-1.106868,1.981968,9.560277
1590324614357,-1.089831,1.875177,9.603105
1590324614370,-1.180964,1.679102,9.712615
1590324614383,-1.244018,1.607831,9.714148
1590324614393,-1.303959,1.585325,9.650768
1590324614406,-1.274501,1.597986,9.638989
1590324614417,-1.246900,1.652717,9.603804
1590324614434,-1.216322,1.687970,9.524469
1590324614446,-1.171435,1.699701,9.497731
1590324614457,-1.130226,1.685959,9.569299
1590324614467,-1.126481,1.636408,9.635953
1590324614477,-1.153124,1.579790,9.752081
1590324614489,-1.184871,1.587643,9.701449
1590324614500,-1.185886,1.628057,9.649849
1590324614510,-1.239938,1.665512,9.626702
1590324614521,-1.258153,1.690833,9.569941
1590324614534,-1.247082,1.716365,9.538078
1590324614546,-1.244889,1.717868,9.677526
1590324614558,-1.213544,1.675692,9.705960
1590324614570,-1.216839,1.594749,9.861133
1590324614584,-1.196890,1.731506,9.583385
1590324614594,-1.145989,1.871902,9.497788
1590324614606,-1.113965,1.992847,9.417736
1590324614617,-1.117604,2.033175,9.363052
1590324614633,-1.109195,2.065104,9.348189
1590324614646,-1.112892,1.952050,9.498612
1590324614657,-1.127267,1.814134,9.632362
1590324614667,-1.162251,1.703733,9.707376
1590324614677,-1.180715,1.597775,9.836319
1590324614690,-1.280936,1.511115,9.877423
1590324614701,-1.324195,1.492181,9.858374
1590324614717,-1.328207,1.588438,9.685839
1590324614730,-1.267711,1.708569,9.555125
1590324614742,-1.159177,1.795287,9.524344
1590324614754,-1.099188,1.861549,9.502079
1590324614767,-1.105547,1.839628,9.562393
1590324614778,-1.138692,1.792817,9.647311
1590324614790,-1.169309,1.746321,9.670784
1590324614800,-1.177545,1.772418,9.636538
1590324614817,-1.146593,1.809911,9.658525
1590324614833,-1.119280,1.865629,9.571999
1590324614850,-1.120620,1.955670,9.514060
1590324614862,-1.153363,1.969346,9.488413
1590324614874,-1.193634,1.896399,9.465783
1590324614885,-1.201334,1.815877,9.595270
1590324614900,-1.219875,1.695392,9.665526
1590324614919,-1.185302,1.588294,9.771379
1590324614934,-1.181117,1.594605,9.750779
1590324614946,-1.163314,1.724812,9.628253
1590324614958,-1.167872,1.798275,9.575016
1590324614970,-1.176654,1.823491,9.544418
1590324614983,-1.163505,1.842942,9.506963
1590324614994,-1.133300,1.835472,9.551965
1590324615006,-1.109396,1.810045,9.637907
1590324615016,-1.095548,1.812238,9.674299
1590324615026,-1.073866,1.817783,9.656774
1590324615037,-1.091248,1.823826,9.667480
1590324615050,-1.125648,1.784264,9.632908
1590324615061,-1.161322,1.772897,9.584928
1590324615073,-1.162289,1.778873,9.559760
1590324615083,-1.188003,1.795058,9.565305
1590324615093,-1.195013,1.800162,9.519345
1590324615106,-1.161734,1.838603,9.549513
1590324615116,-1.134248,1.861635,9.545749
1590324615126,-1.072995,1.853715,9.557126
1590324615137,-1.063878,1.847567,9.584258
1590324615150,-1.103765,1.816040,9.591507
1590324615162,-1.157549,1.760485,9.593144
1590324615174,-1.194161,1.709144,9.658545
1590324615186,-1.216906,1.685192,9.663486
1590324615199,-1.255280,1.701933,9.663937
1590324615209,-1.267146,1.754682,9.682506
1590324615222,-1.235006,1.795747,9.653402
1590324615234,-1.192590,1.826192,9.629556
1590324615245,-1.134114,1.838632,9.609876
1590324615257,-1.129163,1.868521,9.604398
1590324615270,-1.124758,1.903074,9.544868
1590324615283,-1.134871,1.891984,9.490424
1590324615294,-1.133645,1.862268,9.559799
1590324615306,-1.107692,1.839743,9.570208
1590324615316,-1.092378,1.815830,9.574642
1590324615333,-1.077046,1.756405,9.642015
1590324615345,-1.107203,1.712917,9.616627
1590324615358,-1.143701,1.692662,9.614999
1590324615370,-1.174902,1.719659,9.571913
1590324615383,-1.168035,1.727033,9.545644
1590324615393,-1.134631,1.769085,9.548450
1590324615405,-1.120908,1.801694,9.584392
1590324615416,-1.097071,1.816941,9.595808
1590324615432,-1.121559,1.828605,9.604100
1590324615442,-1.144055,1.850536,9.606858
1590324615454,-1.155490,1.868473,9.563083
1590324615466,-1.151544,1.840346,9.593001
1590324615478,-1.149293,1.764613,9.673101
1590324615489,-1.163419,1.708426,9.669434
1590324615500,-1.166532,1.677924,9.691269
1590324615516,-1.176712,1.657784,9.667787
1590324615526,-1.168342,1.683200,9.676204
1590324615537,-1.165660,1.723365,9.673532
1590324615550,-1.155356,1.763789,9.603258
1590324615562,-1.145281,1.765140,9.587743
1590324615574,-1.167786,1.739972,9.586882
1590324615586,-1.150347,1.738899,9.559511
1590324615600,-1.133827,1.778116,9.546084
1590324615615,-1.071674,1.769334,9.597129
1590324615625,-1.057452,1.772552,9.579048
1590324615638,-1.027170,1.746829,9.602596
1590324615650,-1.038308,1.733325,9.641852
1590324615662,-1.038451,1.679025,9.657664
1590324615674,-1.065286,1.643131,9.695626
1590324615686,-1.108075,1.628115,9.729194
1590324615700,-1.123024,1.622177,9.709714
1590324615716,-1.172670,1.652354,9.658641
1590324615726,-1.161877,1.686744,9.629719
1590324615738,-1.137533,1.713281,9.538644
1590324615750,-1.140952,1.720311,9.535980
1590324615762,-1.140665,1.710801,9.626577
1590324615773,-1.166685,1.658626,9.663114
1590324615783,-1.188214,1.624475,9.715279
1590324615794,-1.177851,1.561249,9.792505
1590324615806,-1.129163,1.536541,9.798577
1590324615816,-1.091325,1.535794,9.763477
1590324615826,-1.053382,1.608473,9.716771
1590324615838,-1.047741,1.677588,9.625228
1590324615850,-1.058524,1.718204,9.566195
1590324615862,-1.086211,1.780108,9.511531
1590324615873,-1.104857,1.755295,9.618169
1590324615883,-1.123043,1.731123,9.592063
1590324615893,-1.203862,1.684005,9.555010
1590324615906,-1.214780,1.690833,9.628627
1590324615916,-1.186087,1.700448,9.600797
1590324615926,-1.153488,1.748361,9.564281
1590324615937,-1.102396,1.760447,9.635082
1590324615950,-1.103277,1.679446,9.727814
1590324615962,-1.144984,1.578507,9.709264
1590324615973,-1.228561,1.489433,9.718736
1590324615983,-1.254322,1.452304,9.701076
1590324615994,-1.260107,1.466161,9.615766
1590324616006,-1.177899,1.563232,9.607557
1590324616016,-1.100902,1.628229,9.520448
1590324616033,-1.028875,1.748198,9.470101
1590324616046,-1.046640,1.796954,9.512853
1590324616058,-1.066042,1.768281,9.540261
1590324616070,-1.074681,1.783364,9.625189
1590324616083,-1.090942,1.783048,9.654849
1590324616093,-1.069978,1.747834,9.690895
1590324616105,-1.078138,1.710858,9.707061
1590324616116,-1.072737,1.697776,9.696929
1590324616133,-1.077266,1.633545,9.702579
1590324616146,-1.098479,1.583420,9.773802
1590324616157,-1.125715,1.574178,9.763210
1590324616170,-1.156878,1.593102,9.710432
1590324616182,-1.167834,1.662582,9.637400
1590324616193,-1.143279,1.727484,9.540041
1590324616205,-1.103813,1.791610,9.493134
1590324616216,-1.074757,1.810266,9.503984
1590324616233,-1.074661,1.806444,9.590166
1590324616246,-1.123321,1.734350,9.613217
1590324616257,-1.197446,1.697364,9.578522
1590324616270,-1.207061,1.653905,9.648489
1590324616283,-1.222556,1.622608,9.605997
1590324616294,-1.158162,1.575394,9.722260
1590324616305,-1.205892,1.519188,9.814455
1590324616315,-1.208794,1.519428,9.714579
1590324616325,-1.161715,1.551088,9.650424
1590324616337,-1.158095,1.550887,9.729939
1590324616349,-1.131758,1.557763,9.778370
1590324616361,-1.116292,1.566047,9.710135
1590324616374,-1.127267,1.579704,9.704360
1590324616386,-1.130695,1.607381,9.657070
1590324616398,-1.127401,1.652248,9.596785
1590324616409,-1.134315,1.669429,9.550796
1590324616421,-1.124499,1.671737,9.506638
1590324616432,-1.124221,1.692835,9.518456
1590324616442,-1.087963,1.680682,9.567451
1590324616453,-1.127573,1.626946,9.635100
1590324616466,-1.124691,1.559660,9.637380
1590324616477,-1.129709,1.547957,9.660844
1590324616489,-1.132381,1.556815,9.637208
1590324616502,-1.095481,1.564745,9.575274
1590324616516,-1.088787,1.542891,9.624911
1590324616526,-1.101879,1.514898,9.617403
1590324616538,-1.097339,1.547095,9.630887
1590324616550,-1.109301,1.558213,9.671215
1590324616562,-1.111044,1.584952,9.701305
1590324616574,-1.152990,1.605781,9.674902
1590324616586,-1.164990,1.653742,9.682956
1590324616598,-1.181855,1.667284,9.677698
1590324616609,-1.179815,1.672733,9.682180
1590324616621,-1.152032,1.680653,9.683119
1590324616632,-1.133128,1.703273,9.632620
1590324616642,-1.109109,1.726210,9.566359
1590324616653,-1.107309,1.754787,9.601017
1590324616666,-1.106983,1.684790,9.636921
1590324616678,-1.148116,1.628134,9.657204
1590324616690,-1.141651,1.603282,9.667892
1590324616702,-1.152492,1.574743,9.657137
1590324616716,-1.149370,1.595506,9.635283
1590324616726,-1.156658,1.613749,9.610383
1590324616738,-1.139640,1.648513,9.591239
1590324616750,-1.132410,1.665723,9.550567
1590324616762,-1.113457,1.687453,9.500422
1590324616773,-1.123589,1.707458,9.510794
1590324616785,-1.154120,1.708368,9.577554
1590324616799,-1.169223,1.691685,9.599724
1590324616809,-1.198422,1.663329,9.585100
1590324616822,-1.204858,1.642556,9.582754
1590324616832,-1.178666,1.608654,9.617728
1590324616849,-1.116512,1.539290,9.647752
1590324616862,-1.113457,1.452936,9.777201
1590324616874,-1.071501,1.438839,9.757942
1590324616886,-1.062786,1.430411,9.792275
1590324616899,-1.134440,1.442066,9.722585
1590324616909,-1.186135,1.488140,9.681615
1590324616921,-1.179202,1.491128,9.648202
1590324616932,-1.167987,1.492076,9.659292
1590324616942,-1.097502,1.520969,9.714914
1590324616953,-1.060976,1.511642,9.777384
1590324616966,-1.067105,1.474704,9.743165
1590324616978,-1.053784,1.473813,9.747418
1590324616990,-1.087820,1.500006,9.765920
1590324617002,-1.120505,1.543005,9.684038
1590324617016,-1.140598,1.593475,9.591650
1590324617032,-1.128493,1.615818,9.573570
1590324617042,-1.091239,1.612188,9.612078
1590324617054,-1.090750,1.580633,9.705883
1590324617066,-1.109760,1.527175,9.738253
1590324617078,-1.102041,1.535986,9.712960
1590324617091,-1.107998,1.568662,9.700961
1590324617103,-1.100021,1.624427,9.655997
1590324617116,-1.129613,1.678106,9.521760
1590324617139,-1.140828,1.697317,9.524392
1590324617149,-1.072602,1.602363,9.702302
1590324617161,-1.083711,1.547526,9.683770
1590324617173,-1.124279,1.530699,9.691556
1590324617185,-1.177631,1.479875,9.719731
1590324617197,-1.226693,1.469092,9.650989
1590324617209,-1.196622,1.467129,9.654849
1590324617221,-1.159138,1.486004,9.698939
1590324617231,-1.155231,1.472520,9.694209
1590324617241,-1.141373,1.471179,9.743443
1590324617253,-1.177277,1.456383,9.749323
1590324617265,-1.169864,1.496481,9.671857
1590324617277,-1.161485,1.585728,9.645875
1590324617289,-1.143921,1.638745,9.585484
1590324617301,-1.130753,1.668969,9.538375
1590324617314,-1.140875,1.658799,9.560823
1590324617326,-1.134842,1.619783,9.595596
1590324617337,-1.167221,1.585124,9.591431
1590324617347,-1.179834,1.583209,9.583328
1590324617357,-1.172632,1.577808,9.558698
1590324617370,-1.164492,1.567235,9.599781
1590324617382,-1.136097,1.511584,9.641833
1590324617393,-1.162212,1.448664,9.753192
1590324617406,-1.174452,1.376541,9.782497
1590324617418,-1.177823,1.313737,9.787832
1590324617430,-1.193519,1.282880,9.806957
1590324617441,-1.161274,1.281664,9.776033
1590324617453,-1.134296,1.360165,9.719549
1590324617466,-1.087695,1.443866,9.682161
1590324617477,-1.083491,1.507246,9.673025
1590324617489,-1.118619,1.570855,9.587983
1590324617502,-1.135867,1.641015,9.545136
1590324617514,-1.163151,1.681122,9.545547
1590324617526,-1.195310,1.640880,9.589765
1590324617537,-1.172096,1.618433,9.624346
1590324617547,-1.165545,1.601252,9.649964
1590324617558,-1.182841,1.598963,9.659646
1590324617569,-1.175266,1.581945,9.656869
1590324617582,-1.191565,1.570845,9.632554
1590324617594,-1.203316,1.558759,9.623206
1590324617606,-1.199466,1.542996,9.642562
1590324617617,-1.169587,1.504344,9.649063
1590324617631,-1.148345,1.506049,9.695866
1590324617641,-1.135340,1.521467,9.711418
1590324617653,-1.100212,1.578890,9.635139
1590324617665,-1.089304,1.628354,9.613457
1590324617677,-1.093221,1.664286,9.592800
1590324617695,-1.110862,1.660034,9.526183
1590324617707,-1.149102,1.640833,9.543940
1590324617717,-1.135790,1.612639,9.566330
1590324617730,-1.133271,1.569179,9.598259
1590324617742,-1.141766,1.475144,9.692743
1590324617753,-1.165727,1.411133,9.760088
1590324617765,-1.167834,1.354314,9.728522
1590324617777,-1.172010,1.359092,9.711667
1590324617790,-1.158602,1.373333,9.733972
1590324617802,-1.171646,1.403165,9.659245
1590324617814,-1.155997,1.430957,9.670898
1590324617825,-1.144974,1.449019,9.700280
1590324617838,-1.158784,1.445676,9.707061
1590324617850,-1.174126,1.478649,9.690196
1590324617862,-1.175917,1.470528,9.711936
1590324617873,-1.139851,1.512618,9.733234
1590324617885,-1.097981,1.583946,9.713344
1590324617897,-1.086738,1.666106,9.620564
1590324617909,-1.117680,1.743563,9.523665
1590324617922,-1.115468,1.792759,9.509549
1590324617934,-1.109971,1.748064,9.587974
1590324617947,-1.136729,1.680107,9.672997
1590324617957,-1.195540,1.610283,9.625878
1590324617970,-1.208488,1.586379,9.591546
1590324617981,-1.196689,1.551175,9.619089
1590324617993,-1.149820,1.533802,9.679441
1590324618005,-1.118427,1.499153,9.703996
1590324618017,-1.119136,1.454439,9.715469
1590324618030,-1.095558,1.437057,9.691566
1590324618041,-1.157616,1.417521,9.733206
1590324618053,-1.197168,1.391184,9.684718
1590324618066,-1.195147,1.406795,9.662500
1590324618078,-1.128722,1.493101,9.655413
1590324618090,-1.097521,1.542488,9.683100
1590324618102,-1.068101,1.572885,9.638836
1590324618113,-1.053401,1.597833,9.650442
1590324618125,-1.083769,1.611556,9.678666
1590324618138,-1.118255,1.629877,9.625303
1590324618150,-1.158631,1.655897,9.585656
1590324618162,-1.181175,1.665857,9.587456
1590324618173,-1.170286,1.666996,9.591813
1590324618186,-1.163084,1.643945,9.601122
1590324618198,-1.160163,1.620712,9.606811
1590324618210,-1.148977,1.610905,9.644199
1590324618221,-1.161245,1.604833,9.621665
1590324618231,-1.146363,1.601941,9.578684
1590324618242,-1.130398,1.624820,9.577793
1590324618254,-1.119874,1.616316,9.574700
1590324618265,-1.148441,1.598043,9.547847
1590324618277,-1.173245,1.587681,9.547722
1590324618289,-1.168437,1.551653,9.615890
1590324618302,-1.162299,1.549834,9.623838
1590324618314,-1.154867,1.564170,9.637303
1590324618325,-1.140445,1.592738,9.657454
1590324618337,-1.144074,1.611805,9.659292
1590324618347,-1.124432,1.628134,9.660537
1590324618357,-1.129010,1.646244,9.636174
1590324618369,-1.094830,1.694980,9.617307
1590324618381,-1.086355,1.730788,9.642456
1590324618393,-1.101591,1.724218,9.584373
1590324618405,-1.113333,1.716116,9.619299
1590324618418,-1.101438,1.660207,9.645951
1590324618431,-1.092771,1.622225,9.696556
1590324618441,-1.118083,1.586657,9.723255
1590324618453,-1.121616,1.569725,9.695167
1590324618465,-1.124279,1.563682,9.743778
1590324618478,-1.106399,1.589788,9.723312
1590324618489,-1.124288,1.606212,9.661562
1590324618502,-1.118102,1.592144,9.681644
1590324618514,-1.145415,1.590746,9.687783
1590324618526,-1.143059,1.657803,9.682535
1590324618538,-1.144313,1.713454,9.661572
1590324618550,-1.181050,1.771862,9.627573
1590324618561,-1.188472,1.800717,9.557969
1590324618573,-1.177296,1.799674,9.629000
1590324618585,-1.115842,1.774266,9.692677
1590324618598,-1.155643,1.677598,9.727958
1590324618610,-1.175591,1.627818,9.804850
1590324618621,-1.207549,1.584387,9.788282
1590324618631,-1.211016,1.594098,9.746623
1590324618642,-1.209819,1.650515,9.593902
1590324618653,-1.192092,1.688784,9.492358
1590324618665,-1.133118,1.758168,9.448440
1590324618677,-1.052338,1.795709,9.435032
1590324618690,-1.022257,1.780759,9.561830
1590324618702,-1.096765,1.703647,9.596812
1590324618715,-1.180485,1.620731,9.682199
1590324618727,-1.232257,1.596080,9.762367
1590324618737,-1.218696,1.590210,9.755731
1590324618748,-1.216618,1.590219,9.738847
1590324618758,-1.202339,1.644213,9.662519
1590324618770,-1.160134,1.696627,9.576807
1590324618781,-1.158391,1.698475,9.579431
1590324618793,-1.179958,1.680576,9.573301
1590324618805,-1.172182,1.659613,9.584477
1590324618817,-1.199265,1.638975,9.616531
1590324618831,-1.182171,1.658942,9.646440
1590324618841,-1.149571,1.683679,9.618830
1590324618854,-1.168083,1.735653,9.583358
1590324618865,-1.144438,1.730079,9.588261
1590324618877,-1.144476,1.703915,9.559751
1590324618890,-1.096209,1.452629,9.665612
1590324618902,-1.193500,1.577980,9.807493
1590324618914,-1.087648,1.555551,9.657176
1590324618925,-1.199007,1.595218,9.598221
1590324618937,-1.265824,1.579532,9.643682
1590324618948,-1.289278,1.595439,9.660565
1590324618964,-1.283953,1.625749,9.653919
1590324618974,-1.216839,1.670971,9.664742
1590324618986,-1.168801,1.737127,9.666847
1590324618998,-1.115258,1.727484,9.655451
1590324619009,-1.098364,1.712697,9.753451
1590324619022,-1.106428,1.687960,9.696708
1590324619032,-1.167288,1.642288,9.704456
1590324619042,-1.214617,1.598091,9.743195
1590324619053,-1.220593,1.536043,9.804092
1590324619065,-1.223657,1.523296,9.822662
1590324619078,-1.238243,1.587605,9.758986
1590324619090,-1.218400,1.614535,9.651180
1590324619102,-1.202828,1.674888,9.642082
1590324619115,-1.194467,1.681026,9.630063
1590324619126,-1.196287,1.682559,9.631586
1590324619138,-1.179192,1.675290,9.632630
1590324619149,-1.170640,1.699318,9.655126
1590324619164,-1.193720,1.654824,9.706400
1590324619174,-1.230083,1.630921,9.793933
1590324619186,-1.259408,1.608884,9.924474
1590324619198,-1.263803,1.547985,9.923784
1590324619210,-1.333838,1.547526,9.969504
1590324619222,-1.376934,1.589147,9.990524
1590324619232,-1.365270,1.653551,9.931628
1590324619242,-1.373477,1.756875,9.833035
1590324619253,-1.423267,1.806808,9.746641
1590324619265,-1.445169,1.819201,9.653996
1590324619277,-1.343406,1.803274,9.631865
1590324619290,-1.308259,1.802259,9.728906
1590324619302,-1.243634,1.759432,9.703834
1590324619315,-1.259580,1.745679,9.677680
1590324619326,-1.257435,1.752144,9.640550
1590324619337,-1.235083,1.726152,9.538251
1590324619348,-1.254169,1.727378,9.561359
1590324619365,-1.276454,1.600313,9.623322
1590324619378,-1.176673,1.562571,9.687688
1590324619390,-1.085205,1.529904,9.701171
1590324619402,-1.121272,1.490831,9.722930
1590324619413,-1.192983,1.479090,9.637897
1590324619423,-1.193174,1.511402,9.598633
1590324619434,-1.145683,1.647594,9.570247
1590324619447,-1.114329,1.734427,9.624758
1590324619458,-1.166235,1.798706,9.653680
1590324619469,-1.241317,1.798017,9.639181
1590324619480,-1.298797,1.778164,9.632841
1590324619494,-1.329117,1.739292,9.651755
1590324619506,-1.330898,1.688065,9.666302
1590324619518,-1.286539,1.666700,9.645865
1590324619531,-1.257981,1.695669,9.566463
1590324619541,-1.225726,1.694377,9.582668
1590324619553,-1.194563,1.665876,9.598833
1590324619563,-1.189200,1.650429,9.590760
1590324619573,-1.174327,1.624102,9.503631
1590324619585,-1.205059,1.599777,9.525159
1590324619598,-1.185369,1.608664,9.484419
1590324619609,-1.105968,1.575653,9.529152
1590324619621,-1.067115,1.528468,9.575591
1590324619631,-1.062403,1.564429,9.552214
1590324619642,-1.049848,1.549087,9.575954
1590324619654,-1.061742,1.546348,9.662558
1590324619664,-1.055096,1.586159,9.685178
1590324619681,-1.085502,1.607946,9.644907
1590324619694,-1.128512,1.731535,9.675514
1590324619706,-1.130983,1.794531,9.707492
1590324619718,-1.122105,1.925475,9.674279
1590324619730,-1.123321,2.016291,9.577774
1590324619741,-1.170113,2.117662,9.488547
1590324619753,-1.210336,2.083846,9.516828
1590324619763,-1.216532,2.014529,9.551840
1590324619774,-1.195894,1.906896,9.641134
1590324619785,-1.153220,1.793219,9.694851
1590324619798,-1.127516,1.700994,9.713449
1590324619814,-1.128684,1.628852,9.704044
1590324619826,-1.152885,1.536608,9.620333
1590324619838,-1.156447,1.496702,9.599064
1590324619850,-1.096391,1.492019,9.615890
1590324619864,-1.056073,1.530776,9.591700
1590324619880,-1.097138,1.596703,9.500748
1590324619890,-1.051160,1.642872,9.403352
1590324619902,-1.023406,1.603933,9.460229
1590324619914,-1.006877,1.555503,9.564663
1590324619926,-1.009874,1.506968,9.603995
1590324619938,-1.063581,1.478994,9.619424
1590324619951,-1.153957,1.464428,9.645501
1590324619964,-1.183770,1.445772,9.694659
1590324619974,-1.182065,1.426963,9.699399
1590324619985,-1.174002,1.416180,9.698040
1590324619997,-1.143461,1.433265,9.679069
1590324620010,-1.066310,1.448942,9.616340
1590324620022,-1.017957,1.534022,9.595184
1590324620034,-0.991219,1.581820,9.581988
1590324620047,-0.977064,1.624389,9.620649
1590324620057,-1.040204,1.637069,9.609321
1590324620067,-1.049886,1.579014,9.695138
1590324620080,-1.108448,1.445284,9.874014
1590324620090,-1.144735,1.363718,9.764493
1590324620102,-1.125236,1.301277,9.667834
1590324620116,-1.090607,1.343540,9.522314
1590324620126,-1.019135,1.381751,9.440912
1590324620137,-0.998392,1.360874,9.404022
1590324620147,-0.972276,1.327958,9.425235
1590324620157,-0.929611,1.270095,9.561339
1590324620169,-0.928778,1.274070,9.614569
1590324620180,-0.938182,1.282038,9.658257
1590324620194,-1.110048,1.330822,9.667356
1590324620205,-1.207291,1.429903,9.601610
1590324620218,-1.264560,1.520701,9.543862
1590324620230,-1.248969,1.583324,9.520371
1590324620242,-1.171799,1.622407,9.527056
1590324620254,-1.156878,1.576256,9.488949
1590324620264,-1.124451,1.570759,9.482370
1590324620274,-1.148997,1.531619,9.594601
1590324620286,-1.151458,1.474129,9.656927
1590324620297,-1.172575,1.456144,9.663630
1590324620309,-1.131174,1.419493,9.675859
1590324620321,-1.084305,1.423573,9.707520
1590324620334,-1.109339,1.406210,9.761553
1590324620347,-1.124260,1.400953,9.725065
1590324620357,-1.180179,1.350636,9.748960
1590324620369,-1.147694,1.318697,9.787717
1590324620380,-1.163343,1.276895,9.830535
1590324620396,-1.170449,1.238214,9.825383
1590324620406,-1.167192,1.259408,9.785897
1590324620418,-1.135924,1.357809,9.729508
1590324620430,-1.078071,1.463154,9.688951
1590324620442,-1.020409,1.512254,9.660805
1590324620454,-1.052788,1.528698,9.639392
1590324620465,-1.154628,1.499785,9.675563
1590324620480,-1.256563,1.474627,9.587955
1590324620490,-1.292141,1.453338,9.623120
1590324620502,-1.285351,1.448712,9.699581
1590324620514,-1.313507,1.429530,9.691930
1590324620526,-1.314541,1.454238,9.673494
1590324620538,-1.298184,1.484951,9.622660
1590324620550,-1.275516,1.484759,9.626184
1590324620564,-1.250827,1.504354,9.640348
1590324620580,-1.242236,1.464581,9.625726
1590324620597,-1.233129,1.441597,9.635666
1590324620610,-1.263861,1.339067,9.701239
1590324620622,-1.276789,1.238980,9.766791
1590324620634,-1.299889,1.155720,9.757186
1590324620646,-1.306420,1.154254,9.750865
1590324620657,-1.285648,1.182898,9.740025
1590324620670,-1.292515,1.211504,9.681540
1590324620681,-1.263985,1.308412,9.619376
1590324620696,-1.267490,1.357024,9.539648
1590324620709,-1.266810,1.398051,9.581902
1590324620721,-1.274960,1.382163,9.573339
1590324620734,-1.295608,1.353222,9.614865
1590324620747,-1.309667,1.296326,9.665843
1590324620758,-1.314273,1.263650,9.640857
1590324620770,-1.330056,1.241901,9.646076
1590324620780,-1.319100,1.220420,9.662567
1590324620790,-1.334279,1.173417,9.686030
1590324620802,-1.312137,1.104005,9.717606
1590324620814,-1.253757,1.089515,9.719578
1590324620826,-1.183540,1.121502,9.734575
1590324620838,-1.131778,1.204025,9.704859
1590324620850,-1.127497,1.311314,9.644735
1590324620864,-1.148154,1.376656,9.606216
1590324620874,-1.182860,1.375440,9.573072
1590324620885,-1.189497,1.315279,9.567641
1590324620896,-1.181213,1.245933,9.620803
1590324620909,-1.149858,1.147187,9.682908
1590324620922,-1.159723,1.125217,9.669310
1590324620934,-1.133166,1.130724,9.648604
1590324620945,-1.112298,1.154225,9.612480
1590324620957,-1.125859,1.163678,9.601946
1590324620969,-1.129105,1.162615,9.588922
1590324620980,-1.126414,1.156706,9.608478
1590324620995,-1.096611,1.170525,9.639286
1590324621005,-0.980406,1.166819,9.752694
1590324621017,-1.108008,1.190407,9.715853
1590324621030,-1.132352,1.130983,9.601927
1590324621042,-1.157022,1.203853,9.658430
1590324621054,-1.232985,1.147263,9.551917
1590324621066,-1.238262,1.164166,9.538576
1590324621080,-1.201966,1.116541,9.617154
1590324621096,-1.147196,1.183780,9.587159
1590324621110,-1.068906,1.256678,9.647272
1590324621122,-1.089879,1.294737,9.677728
1590324621134,-1.171847,1.327987,9.708574
1590324621147,-1.224663,1.360012,9.652789
1590324621157,-1.232200,1.344785,9.668170
1590324621170,-1.197197,1.433016,9.649015
1590324621180,-1.184823,1.408633,9.653757
1590324621190,-1.171492,1.426264,9.666302
1590324621202,-1.179489,1.469054,9.656687
1590324621214,-1.183990,1.460789,9.606313
1590324621226,-1.151803,1.409141,9.630838
1590324621237,-1.194314,1.367396,9.624375
1590324621247,-1.191374,1.343952,9.533846
1590324621258,-1.148116,1.309992,9.567776
1590324621269,-1.100394,1.361927,9.637284
1590324621279,-1.072784,1.369780,9.622564
1590324621289,-1.046209,1.363527,9.634152
1590324621302,-1.052424,1.422347,9.555623
1590324621313,-1.014318,1.404535,9.579164
1590324621325,-0.983222,1.457877,9.603986
1590324621337,-1.044810,1.408959,9.558660
1590324621350,-1.107864,1.422098,9.579901
1590324621362,-1.180859,1.418995,9.693701
1590324621373,-1.277450,1.517464,9.623848
1590324621385,-1.304256,1.615023,9.560814
1590324621396,-1.313363,1.683354,9.590990
1590324621407,-1.304409,1.755093,9.671474
1590324621417,-1.244209,1.901523,9.518714
1590324621429,-1.235571,1.990606,9.526221
1590324621442,-1.327422,1.951820,9.576950
1590324621454,-1.351201,1.916817,9.534228
1590324621466,-1.330515,1.977180,9.489724
1590324621480,-1.302197,2.030072,9.555537
1590324621496,-1.309188,2.050231,9.562442
1590324621510,-1.307301,1.981259,9.574490
1590324621522,-1.309954,1.926432,9.621263
1590324621534,-1.356143,1.919240,9.567163
1590324621546,-1.308335,1.924593,9.618657
1590324621558,-1.313191,1.882657,9.672345
1590324621570,-1.350847,1.927227,9.631366
1590324621582,-1.408720,1.954253,9.591440
1590324621596,-1.396662,2.020955,9.583529
1590324621607,-1.354534,2.040425,9.572066
1590324621618,-1.394220,2.070362,9.567489
1590324621630,-1.387402,2.086173,9.525418
1590324621642,-1.305893,2.129834,9.483931
1590324621654,-1.273007,2.214359,9.532141
1590324621666,-1.262338,2.216590,9.490730
1590324621680,-1.271877,2.236740,9.501418
1590324621690,-1.291557,2.225315,9.481450
1590324621702,-1.319042,2.180332,9.503736
1590324621714,-1.382900,2.160393,9.632534
1590324621729,-1.422060,2.238291,9.494935
1590324621741,-1.417750,2.310376,9.439581
1590324621753,-1.376273,2.278562,9.460611
1590324621766,-1.390945,2.250550,9.557222
1590324621779,-1.323304,2.201449,9.479305
1590324621790,-1.360654,2.239326,9.529115
1590324621802,-1.385630,2.290293,9.457719
1590324621813,-1.364322,2.340332,9.347548
1590324621826,-1.374684,2.412858,9.176305
1590324621838,-1.275870,2.422377,9.033782
1590324621850,-1.262539,2.476716,9.239033
1590324621863,-1.329203,2.388743,9.233067
1590324621874,-1.302359,2.387824,9.281783
1590324621885,-1.130858,2.421936,9.238199
1590324621896,-1.073895,2.391568,9.380607
1590324621913,-1.076328,2.438753,9.363962
1590324621925,-1.056801,2.641121,9.246408
1590324621937,-1.108630,2.817420,9.377303
1590324621950,-1.300502,2.859769,9.297634
1590324621962,-1.339776,2.965267,9.107831
1590324621973,-1.440553,3.062567,9.145438
1590324621986,-1.336779,3.209073,9.166058
1590324621998,-1.188549,3.189220,9.207468
1590324622012,-1.090942,3.222710,9.382724
1590324622022,-0.962029,3.292832,9.563591
1590324622033,-1.021778,3.386225,9.492033
1590324622046,-1.109147,3.612956,9.734613
1590324622058,-1.240417,3.504431,9.606189
1590324622069,-1.195482,3.458855,8.693777
1590324622079,-1.142580,3.641217,9.261318
1590324622089,-1.018541,3.664709,9.049556
1590324622102,-0.936669,3.784649,8.845665
1590324622113,-0.841466,3.878645,8.876426
1590324622126,-0.709134,4.028100,8.942612
1590324622138,-0.743141,4.094353,8.939920
1590324622149,-0.893593,4.039947,8.934059
1590324622162,-1.015122,3.954924,8.858460
1590324622174,-1.084525,3.973207,8.914216
1590324622186,-1.169194,3.953066,8.848145
1590324622196,-1.139899,4.010824,8.830984
1590324622206,-0.901848,4.230554,8.565391
1590324622218,-0.568795,4.573270,8.347537
1590324622230,-0.501853,4.716625,8.255610
1590324622245,-0.468229,4.802098,8.078257
1590324622257,-0.443119,4.908870,7.809379
1590324622269,-0.335993,5.011131,7.809273
1590324622282,-0.247896,5.181895,7.688749
1590324622295,-0.277871,5.111151,7.436171
1590324622306,-0.197675,5.170844,7.667421
1590324622318,-0.181040,5.014225,7.313559
1590324622329,-0.288195,5.093444,7.194672
1590324622342,-0.311352,5.246069,7.775429
1590324622353,-0.219223,5.402018,8.094767
1590324622365,-0.138940,5.568128,8.054210
1590324622378,-0.144198,5.669527,7.732390
1590324622389,-0.177420,5.768915,7.051517
1590324622402,-0.270526,5.867719,6.671491
1590324622414,-0.394564,5.941432,6.363204
1590324622428,-0.316830,6.133217,6.066964
1590324622441,0.184641,6.542606,6.023792
1590324622453,0.585124,6.925458,6.021206
1590324622466,0.754988,7.251482,5.679995
1590324622478,0.593925,7.516999,5.055299
1590324622490,0.208008,7.658601,4.506701
1590324622502,-0.062077,7.696794,4.174712
1590324622513,-0.121961,7.737428,3.957002
1590324622529,0.207529,7.975900,3.692261
1590324622541,0.551452,8.270434,3.636572
1590324622553,0.663711,8.441754,3.258863
1590324622566,0.692805,8.590778,2.902223
1590324622579,0.657371,8.630341,2.722523
1590324622590,0.755505,8.643604,2.467704
1590324622602,1.122076,8.770190,2.362158
1590324622612,1.354793,8.954582,2.517694
1590324622629,1.440390,9.378443,2.928904
1590324622641,0.683755,9.479918,2.897932
1590324622654,-0.101801,9.416051,2.342544
1590324622666,-0.619830,9.337435,1.904693
1590324622679,-0.512187,9.420274,1.872840
1590324622690,0.016941,9.529938,1.832158
1590324622702,0.510702,9.604100,2.027688
1590324622712,0.748801,9.704705,2.075773
1590324622722,0.845096,9.854582,1.824975
1590324622734,0.575528,9.780898,1.426935
1590324622746,0.132265,9.545376,0.889781
1590324622757,-0.213275,9.341485,0.383589
1590324622769,-0.288501,9.160321,0.174221
1590324622779,-0.067928,9.197843,0.238922
1590324622790,0.342850,9.516176,0.728967
1590324622802,0.489231,9.885783,1.236711
1590324622812,0.380036,9.997075,1.121731
1590324622822,-0.095816,10.005800,0.691570
1590324622834,-0.814709,9.915787,0.286864
1590324622846,-1.417635,9.689612,-0.028386
1590324622857,-1.612639,9.452845,-0.272518
1590324622870,-1.180246,9.415983,-0.378274
1590324622882,-0.413661,9.462948,-0.111110
1590324622895,0.380285,9.490050,0.409112
1590324622905,0.825971,9.474010,0.739243
1590324622917,0.900000,9.440759,0.730691
1590324622929,0.834791,9.459386,0.649164
1590324622942,0.345828,9.190516,-0.236260
1590324622954,-0.118685,8.993551,-0.222699
1590324622966,-0.178713,9.044078,-0.288923
1590324622979,0.046285,9.291428,-0.244572
1590324622989,0.414570,9.564645,0.170812
1590324622999,0.628363,9.770469,0.482910
1590324623012,0.697125,9.996367,0.736677
1590324623022,0.362492,10.128498,0.664994
1590324623033,-0.227746,10.006557,0.405539
1590324623046,-0.782032,9.816457,-0.003467
1590324623057,-1.082869,9.832469,-0.408250
1590324623069,-1.033797,10.072157,-0.363986
1590324623079,-0.700802,10.215762,0.081977
1590324623089,0.026451,10.398105,1.010928
1590324623102,0.523344,10.551793,1.391213
1590324623113,0.559697,10.593643,1.349410
1590324623125,-0.037005,10.710357,1.018733
1590324623137,-0.478831,10.877424,0.565204
1590324623150,-0.584434,11.045526,0.182036
1590324623163,-0.243921,11.197452,0.210450
1590324623174,0.215143,11.300795,0.614860
1590324623186,0.287295,11.270848,0.753925
1590324623196,0.095337,11.149894,0.692288
1590324623206,-0.410510,10.973546,0.411736
1590324623218,-0.894043,10.825249,0.385964
1590324623230,-1.135589,10.796681,0.392620
1590324623242,-1.090080,10.655404,0.330429
1590324623253,-0.819669,10.497024,0.185455
1590324623265,-0.517904,10.331728,0.348289
1590324623279,-0.562982,10.323423,0.631399
1590324623289,-0.767648,10.403027,0.790623
1590324623302,-1.053295,10.482246,0.708866
1590324623312,-1.234125,10.472017,0.572004
1590324623322,-1.412608,10.459166,0.353183
1590324623333,-1.423851,10.445864,0.258095
1590324623346,-1.240733,10.361942,0.209062
1590324623357,-0.998976,10.231707,0.399228
1590324623370,-0.777378,10.119323,0.950182
1590324623382,-0.771977,10.119658,1.563404
1590324623396,-0.917046,10.059316,1.630997
1590324623406,-1.030330,9.984826,1.276694
1590324623417,-1.048938,9.909313,0.870608
1590324623429,-0.960707,9.892746,0.615904
1590324623442,-0.749960,9.917837,0.112211
1590324623454,-0.598139,9.924062,0.122018
1590324623466,-0.446222,9.897926,0.504516
1590324623479,-0.348088,9.795436,0.925503
1590324623490,-0.398529,9.644678,1.061110
1590324623502,-0.569964,9.530531,0.964164
1590324623512,-0.723777,9.413628,0.846044
1590324623522,-0.876345,9.248906,0.708866
1590324623533,-1.091938,9.245143,0.865916
1590324623546,-1.248049,9.305352,0.984170
1590324623558,-0.111915,32.224136,19.639475
1590324623570,-1.360912,5.695720,-8.779346
1590324623582,-0.886640,8.747140,-1.828040
1590324623596,-2.483592,8.025728,-1.126644
1590324623613,-0.473046,10.132012,-1.075609
1590324623630,-0.053515,9.953041,-1.389757
1590324623642,-0.191019,9.701344,1.534051
1590324623654,0.130762,9.507835,1.545735
1590324623666,0.837837,9.670813,0.616066
1590324623679,0.953582,10.685102,0.171588
1590324623690,-0.919297,10.660614,-1.263688
1590324623702,-1.000470,9.735389,-0.321982
1590324623712,-1.274481,9.581854,-0.468363
1590324623722,-1.450110,9.914504,-1.133003
1590324623734,-1.431694,9.507461,-1.166407
1590324623746,-1.296958,9.631787,-0.987656
1590324623757,-0.989322,9.824626,-0.713759
1590324623770,-0.540496,9.811209,-0.363325
1590324623782,-0.275879,9.882604,-0.512771
1590324623795,-0.274002,9.858403,-0.659085
1590324623805,-0.416821,9.871782,-0.521237
1590324623817,-1.776057,9.565171,0.963944
1590324623829,-2.400599,8.899985,2.105519
1590324623842,2.532098,10.020394,0.794291
1590324623853,1.308000,10.107582,0.242810
1590324623863,-1.213429,9.900465,0.690584
1590324623874,-1.676066,9.429113,-0.034678
1590324623886,-1.182429,9.670478,-1.203891
1590324623896,-0.929554,9.839115,-1.321101
1590324623912,0.020887,9.833962,0.895498
1590324623922,0.274921,9.668188,1.574427
1590324623933,-0.451001,9.808843,0.160785
1590324623946,-0.992741,9.793282,-0.809729
1590324623957,-1.020897,9.699017,-0.387363
1590324623970,-0.435869,9.792534,0.316073
1590324623980,-0.034390,9.763909,0.577625
1590324623990,-0.246306,9.737247,0.613327
1590324624002,-0.675558,9.681212,0.167115
1590324624012,-0.743285,9.829969,-0.249964
1590324624029,-0.604842,9.767692,-0.079717
1590324624042,-0.440581,9.736050,0.389431
1590324624054,-0.408642,9.795866,0.124087
1590324624066,-0.604153,9.793013,-0.048583
1590324624079,-0.683516,9.751947,0.017478
1590324624089,-0.520480,9.760136,0.061675
1590324624102,-0.456871,9.864705,0.203996
1590324624112,-0.440351,9.733033,0.219213
1590324624125,-0.572425,9.783676,0.083998
1590324624138,-0.555053,9.764981,-0.007547
1590324624150,-0.536138,9.758143,0.089486
1590324624163,-0.503357,9.753288,0.144188
1590324624174,-0.521342,9.754869,0.087714
1590324624186,-0.563241,9.754390,0.045997
1590324624198,-0.568096,9.761170,0.090376
1590324624212,-0.534108,9.759542,0.102204
1590324624222,-0.502878,9.759522,0.136776
1590324624233,-0.525700,9.755434,0.111924
1590324624246,-0.545121,9.765804,0.095864
1590324624257,-0.537584,9.774961,0.089179
1590324624270,-0.520729,9.760443,0.130704
1590324624282,-0.510597,9.771437,0.129306
1590324624295,-0.508538,9.749640,0.109597
1590324624306,-0.552093,9.763477,0.116100
1590324624318,-0.531072,9.763660,0.133223
1590324624328,-0.515443,9.761419,0.131087
1590324624338,-0.529052,9.798213,0.106322
1590324624350,-0.551959,9.754313,0.063935
1590324624361,-0.578966,9.758948,0.065965
1590324624374,-0.524273,9.775966,0.077764
1590324624386,-0.499258,9.762635,0.074881
1590324624398,-0.543321,9.763650,0.109137
1590324624412,-0.544489,9.750348,0.104713
1590324624430,-0.518067,9.764924,0.125906
1590324624442,-0.539778,9.755051,0.067095
1590324624454,-0.527740,9.760893,0.097636
1590324624466,-0.516056,9.771274,0.129526
1590324624479,-0.520825,9.756563,0.130695
1590324624490,-0.568039,9.744123,0.076567
1590324624502,-0.546548,9.751593,0.057528
1590324624512,-0.511938,9.772968,0.087628
1590324624529,-0.512378,9.766284,0.139314
1590324624541,-0.533476,9.767328,0.084985
1590324624553,-0.576150,9.748644,0.076356
1590324624566,-0.552074,9.779327,0.085013
1590324624579,-0.512848,9.770076,0.088969
1590324624590,-0.530268,9.759044,0.136240
1590324624602,-0.531474,9.764225,0.100422
1590324624614,-0.544853,9.770326,0.077294
1590324624628,-0.560329,9.768468,0.083002
1590324624641,-0.535707,9.770622,0.089399
1590324624653,-0.520385,9.764111,0.096180
1590324624666,-0.537422,9.750310,0.076500
1590324624678,-0.548952,9.759417,0.086593
1590324624690,-0.551327,9.762616,0.084783
1590324624704,-0.524924,9.771206,0.114788
1590324624714,-0.493933,9.762740,0.139228
1590324624729,-0.526945,9.760662,0.113715
1590324624742,-0.552266,9.759906,0.046208
1590324624753,-0.534855,9.759809,0.081412
1590324624763,-0.517444,9.772576,0.128195
1590324624773,-0.498837,9.768974,0.145184
1590324624785,-0.527931,9.760710,0.106935
1590324624798,-0.552486,9.765306,0.070255
1590324624810,-0.536292,9.767088,0.079171
1590324624821,-0.535679,9.767165,0.105067
1590324624833,-0.525317,9.754408,0.115171
1590324624845,-0.555790,9.773006,0.080455
1590324624858,-0.547506,9.756151,0.080282
1590324624869,-0.527826,9.756660,0.118590
1590324624882,-0.536885,9.768544,0.110267
1590324624895,-0.537364,9.753087,0.089601
1590324624905,-0.543292,9.776024,0.089036
1590324624918,-0.526351,9.765757,0.119193
1590324624929,-0.533304,9.773553,0.096630
1590324624945,-0.539375,9.753480,0.097712
1590324624958,-0.535506,9.768132,0.098861
1590324624970,-0.531896,9.766667,0.098124
1590324624982,-0.518239,9.752886,0.108582
1590324624995,-0.554238,9.778629,0.095902
1590324625005,-0.534721,9.757300,0.091047
1590324625018,-0.518517,9.765824,0.094743
1590324625029,-0.518862,9.766303,0.107136
1590324625042,-0.520892,9.757502,0.102079
1590324625054,-0.551049,9.771570,0.089103
1590324625066,-0.534654,9.769712,0.090922
1590324625079,-0.542631,9.753594,0.095232
1590324625089,-0.557657,9.752427,0.110794
1590324625102,-0.517157,9.756669,0.097329
1590324625112,-0.541272,9.765517,0.090702
1590324625122,-0.536512,9.777040,0.105843
1590324625134,-0.559151,9.773726,0.100346
1590324625146,-0.543886,9.780074,0.079775
1590324625158,-0.527107,9.756171,0.090118
1590324625170,-0.516391,9.776675,0.118906
1590324625182,-0.539059,9.766130,0.101782
1590324625195,-0.547784,9.762501,0.072065
1590324625206,-0.549239,9.756927,0.084697
1590324625218,-0.521697,9.689449,0.095940
1590324625229,-0.575729,10.010023,0.156552
1590324625242,-0.551969,9.788751,0.145318
1590324625254,-0.538935,9.756113,0.117201
1590324625266,-0.532863,9.771072,0.079325
1590324625278,-0.530162,9.737612,0.096429
1590324625290,-0.538111,9.747111,0.088538
1590324625302,-0.525135,9.755280,0.076777
1590324625312,-0.521486,9.799909,0.079880
1590324625322,-0.554497,9.773908,0.119653
1590324625334,-0.536378,9.762310,0.095213
1590324625346,-0.524713,9.770871,0.073416
1590324625358,-0.533601,9.745464,0.093652
1590324625370,-0.530871,9.756382,0.113485
1590324625382,-0.523727,9.766926,0.097693
1590324625395,-0.525058,9.775650,0.090836
1590324625405,-0.531628,9.769799,0.104904
1590324625417,-0.533112,9.767050,0.089141
1590324625428,-0.536579,9.755203,0.097923
1590324625438,-0.516937,9.755692,0.112144
1590324625449,-0.520404,9.770326,0.116799
1590324625462,-0.551327,9.754006,0.101974
1590324625473,-0.551710,9.756841,0.076662
1590324625485,-0.549747,9.763880,0.083835
1590324625497,-0.516650,9.766456,0.093364
1590324625511,-0.509400,9.773323,0.121884
1590324625521,-0.526025,9.773246,0.108074
1590324625534,-0.535372,9.772432,0.095107
1590324625546,-0.543273,9.765393,0.084515
1590324625558,-0.526207,9.770038,0.103334
1590324625570,-0.521208,9.751383,0.107232
1590324625582,-0.526226,9.761515,0.093221
1590324625595,-0.536474,9.755645,0.066118
1590324625605,-0.539059,9.752282,0.057078
1590324625617,-0.539864,9.763660,0.102481
1590324625628,-0.513891,9.777967,0.126797
1590324625638,-0.506326,9.762022,0.110028
1590324625649,-0.539471,9.763152,0.101763
1590324625662,-0.544413,9.766446,0.072506
1590324625673,-0.520145,9.752226,0.093441
1590324625686,-0.525068,9.763784,0.102884
1590324625698,-0.524196,9.759753,0.111350
1590324625711,-0.541683,9.770756,0.095672
1590324625722,-0.535918,9.763593,0.098909
1590324625734,-0.531398,9.746230,0.069777
1590324625745,-0.539481,9.773782,0.093747
1590324625756,-0.542699,9.758785,0.086555
1590324625766,-0.542861,9.755156,0.100528
1590324625778,-0.534233,9.763803,0.102951
1590324625790,-0.528400,9.766485,0.107222
1590324625802,-0.520413,9.764694,0.092311
1590324625814,-0.535181,9.746182,0.093977
1590324625828,-0.539040,9.752110,0.106379
1590324625838,-0.516851,9.766858,0.105575
1590324625849,-0.527328,9.765203,0.102606
1590324625862,-0.531934,9.749132,0.104004
1590324625874,-0.550360,9.761869,0.065697
1590324625886,-0.530584,9.754543,0.099024
1590324625898,-0.527835,9.753594,0.124910
1590324625911,-0.537556,9.761007,0.087858
1590324625921,-0.538063,9.753824,0.086479
1590324625934,-0.526083,9.762530,0.091870
1590324625944,-0.519877,9.757349,0.101313
1590324625954,-0.521754,9.772212,0.095960
1590324625965,-0.527299,9.770498,0.081432
1590324625978,-0.539778,9.761936,0.093230
1590324625990,-0.544738,9.766734,0.093221
1590324626002,-0.530182,9.764436,0.094140
1590324626014,-0.543369,9.762578,0.102568
1590324626028,-0.529205,9.766973,0.100834
1590324626044,-0.532365,9.750463,0.099838
1590324626061,-0.521045,9.769904,0.095069
1590324626074,-0.534577,9.753135,0.104914
1590324626086,-0.535104,9.765087,0.080445
1590324626098,-0.514792,9.764866,0.114625
1590324626111,-0.532394,9.759743,0.099139
1590324626121,-0.543350,9.774836,0.102941
1590324626134,-0.538226,9.795033,0.040826
1590324626152,-0.538245,9.765757,0.111618
1590324626165,-0.511564,9.749275,0.125485
1590324626182,-0.536023,9.752886,0.072247
1590324626200,-0.546414,9.764818,0.068723
1590324626218,-0.537106,9.756104,0.099206
1590324626233,-0.514054,9.767118,0.118915
1590324626249,-0.520892,9.764924,0.114816
1590324626262,-0.511947,9.774281,0.069068
1590324626273,-0.514552,9.748337,0.110143
1590324626283,-0.519312,9.785121,0.143030
1590324626294,-0.570423,9.764579,0.057672
