1590324695745,-0.442219,9.775219,0.060583
1590324695757,-0.462426,9.763210,0.109415
1590324695770,-0.458020,9.770555,0.020140
1590324695780,-0.464552,9.755366,0.061550
1590324695796,-0.464877,9.758795,0.116751
1590324695809,-0.465557,9.763353,0.045116
1590324695821,-0.491223,9.754256,0.059405
1590324695834,-0.467808,9.765250,0.099934
1590324695847,-0.421130,9.771427,0.097118
1590324695858,-0.458356,9.748462,0.073550
1590324695870,-0.504066,9.765182,0.061378
1590324695880,-0.470566,9.763306,0.060104
1590324695890,-0.443310,9.772202,0.096620
1590324695903,-0.444000,9.770345,0.106829
1590324695921,-0.481148,9.771502,0.075647
1590324695937,-0.484682,9.767902,0.065687
1590324695954,-0.443760,9.759159,0.098574
1590324695970,-0.460051,9.777575,0.086421
1590324695986,-0.466812,9.780602,0.067670
1590324696003,-0.466869,9.769521,0.077237
1590324696013,-0.459553,9.760337,0.087561
1590324696026,-0.468488,9.756525,0.074230
1590324696038,-0.468373,9.759915,0.076950
1590324696050,-0.467434,9.764176,0.071931
1590324696063,-0.472386,9.763823,0.089706
1590324696075,-0.459505,9.764081,0.081499
1590324696086,-0.461497,9.762740,0.097300
1590324696096,-0.478256,9.759906,0.083146
1590324696110,-0.458882,9.767960,0.071749
1590324696122,-0.478457,9.763851,0.079564
1590324696134,-0.470671,9.756812,0.087178
1590324696145,-0.465691,9.771063,0.072956
1590324696157,-0.478055,9.771590,0.077505
1590324696169,-0.472357,9.759925,0.073263
1590324696179,-0.470528,9.770765,0.090807
1590324696189,-0.462818,9.783981,0.074402
1590324696202,-0.473698,9.754380,0.085530
1590324696214,-0.457321,9.761773,0.087465
1590324696226,-0.479061,9.771608,0.084803
1590324696239,-0.459304,9.774970,0.085827
1590324696249,-0.476839,9.773399,0.085923
1590324696262,-0.452188,9.769895,0.083098
1590324696274,-0.474100,9.778753,0.073138
1590324696286,-0.461229,9.765691,0.071232
1590324696296,-0.467827,9.776962,0.060995
1590324696310,-0.468852,9.758277,0.089993
1590324696322,-0.473066,9.758958,0.085607
1590324696334,-0.470011,9.771724,0.089792
1590324696346,-0.463249,9.772805,0.083720
1590324696357,-0.458547,9.765603,0.075686
1590324696367,-0.474569,9.757225,0.075283
1590324696380,-0.466793,9.766916,0.072190
1590324696397,-0.288884,9.801670,-0.132917
1590324696410,-0.177544,9.959516,0.037867
1590324696421,-0.322192,9.873209,0.187418
1590324696434,-0.670223,9.725554,0.144457
1590324696447,-0.570117,9.722182,-0.108036
1590324696458,-0.307550,9.797151,-0.004415
1590324696470,-0.353346,9.779432,0.288118
1590324696480,-0.490898,9.752646,0.265747
1590324696496,-0.616756,9.753404,-0.066109
1590324696506,-0.439575,9.776119,-0.055794
1590324696518,-0.165573,9.757569,0.747087
1590324696531,-0.466209,9.755769,0.278216
1590324696542,-0.642106,9.782335,-0.376206
1590324696553,-0.548904,9.771407,-0.310576
1590324696565,-0.717389,9.732927,-0.084688
1590324696580,-0.745909,9.764551,-0.248269
1590324696596,-0.130695,9.845628,0.175121
1590324696606,-0.100987,9.714675,0.757918
1590324696617,-0.380764,9.717797,0.474962
1590324696630,-0.555033,9.799362,-0.258057
1590324696642,-0.512867,9.821763,-0.298136
1590324696653,-0.393339,9.781157,0.233693
1590324696663,-0.418133,9.737237,0.454046
1590324696673,-0.476523,9.726914,0.249734
1590324696685,-0.556154,9.750137,-0.048870
1590324696696,-0.578698,9.767835,-0.115199
1590324696709,-0.520107,9.770546,0.041008
1590324696722,-0.504267,9.776675,-0.015495
1590324696734,-0.523928,9.749352,-0.031785
1590324696747,-0.437028,9.784680,0.006847
1590324696758,-0.357339,9.795848,0.165889
1590324696770,-0.319166,9.770890,0.277727
1590324696780,-0.316245,9.767797,0.223465
1590324696790,-0.375468,9.818401,0.041899
1590324696802,-0.379778,9.825171,-0.097300
1590324696814,-0.812401,9.709101,-0.028089
1590324696826,-0.986708,9.683799,-0.271407
1590324696838,-0.583371,9.848099,-0.298519
1590324696850,-0.196047,9.796049,0.325516
1590324696863,-0.230945,9.729136,0.613596
1590324696873,-0.433935,9.642063,0.643293
1590324696886,-0.314330,9.527151,1.639415
1590324696897,-0.953534,9.784403,1.883212
1590324696910,-2.048536,9.477036,0.733200
1590324696922,-2.731324,9.817041,0.500168
1590324696934,-2.716586,10.536010,-1.521458
1590324696946,-2.377787,11.247777,-2.366467
1590324696958,-1.932580,11.993974,-2.077564
1590324696970,-1.446395,12.594966,-2.271992
1590324696982,-1.144534,13.009920,-2.763033
1590324696996,-1.261150,13.204578,-2.491933
1590324697013,-1.111752,13.306695,-1.552582
1590324697026,-0.844799,13.314002,-1.391089
1590324697038,-0.931277,13.151389,-0.992866
1590324697051,-1.083711,12.792555,-0.846839
1590324697063,-1.432757,12.319786,-0.503137
1590324697074,-1.825090,11.850044,-0.048171
1590324697085,-1.925331,11.450202,0.213055
1590324697097,-1.799903,11.260945,0.472060
1590324697113,-1.480574,11.102574,1.318324
1590324697126,-1.352724,11.201972,0.813693
1590324697137,-1.425920,11.249301,-0.114424
1590324697150,-1.506786,11.223194,-0.362520
1590324697163,-1.273763,11.010330,-0.343386
1590324697173,-0.906100,10.797533,-0.332622
1590324697186,-0.457589,10.566111,0.029372
1590324697196,-0.066559,10.430742,0.308699
1590324697213,0.560607,10.172254,0.429319
1590324697226,0.933949,9.806785,1.219099
1590324697237,1.046573,9.447625,1.890242
1590324697249,0.975225,8.980057,1.908294
1590324697263,0.989236,8.641813,1.661547
1590324697274,1.138692,8.467066,1.561939
1590324697286,1.301459,8.453993,1.448233
1590324697296,1.473401,8.520945,1.389145
1590324697306,1.784772,8.627478,1.259963
1590324697318,2.081557,8.589811,1.652938
1590324697330,2.008841,8.307266,2.250731
1590324697342,1.841409,7.851737,2.553665
1590324697353,1.557256,7.302497,2.251833
1590324697363,1.383714,7.076695,2.207732
1590324697374,1.356478,6.992161,2.639885
1590324697386,1.815973,7.136206,3.124912
1590324697396,2.234757,7.299997,3.449853
1590324697406,2.476533,7.479065,3.551482
1590324697418,2.416018,7.517870,3.294795
1590324697430,2.067671,7.426699,2.593428
1590324697442,1.930157,7.376861,2.152675
1590324697453,2.098393,7.482053,2.581246
1590324697465,2.435143,7.610631,3.368192
1590324697479,2.758475,7.687542,3.860583
1590324697489,2.942953,7.701170,3.916550
1590324697502,2.963658,7.706974,3.744397
1590324697514,2.785175,7.811045,3.101411
1590324697526,2.896946,8.126237,2.897923
1590324697538,3.178198,8.369535,2.946592
1590324697550,3.266122,8.532187,3.432050
1590324697562,3.168180,8.517938,3.765735
1590324697573,2.961206,8.402537,3.817966
1590324697586,2.685844,8.221373,3.764221
1590324697596,2.572579,8.189377,3.814586
1590324697606,2.440640,8.182711,3.918475
1590324697617,2.374923,8.236629,3.986557
1590324697630,2.219301,8.271526,3.944524
1590324697642,2.150175,8.322782,3.861206
1590324697653,2.273007,8.363866,3.998432
1590324697663,2.229576,8.324429,4.112099
1590324697673,2.060642,8.196502,4.216496
1590324697686,1.814125,8.040965,4.151038
1590324697696,1.651233,7.898768,4.190887
1590324697712,1.367070,7.664644,4.236013
1590324697722,1.367501,7.673349,4.532003
1590324697734,1.726574,7.701151,4.852731
1590324697746,2.209580,7.678751,5.275078
1590324697758,2.302705,7.510065,5.493544
1590324697770,2.126913,7.368021,5.249977
1590324697782,2.120161,7.368050,4.890214
1590324697796,2.194573,7.446254,4.968400
1590324697812,2.358892,7.720793,5.524879
1590324697825,2.593275,7.900080,5.712192
1590324697838,2.477443,7.814224,5.740539
1590324697850,2.226742,7.659377,5.785483
1590324697862,2.070151,7.501915,5.647405
1590324697873,2.150434,7.451493,5.760478
1590324697885,2.317626,7.400008,6.071657
1590324697897,2.508041,7.287548,6.605171
1590324697912,2.512245,6.993578,6.884556
1590324697922,2.213449,6.619699,6.841709
1590324697934,1.644338,-0.646166,6.289433
1590324697946,0.779571,6.947916,7.535942
1590324697958,2.290169,6.788462,4.166725
1590324697969,2.516105,7.510534,6.639064
1590324697979,2.309830,7.488795,6.851736
1590324697990,1.980062,7.440642,6.705642
1590324698002,1.687069,7.233027,6.059016
1590324698012,1.733431,7.100062,5.964761
1590324698022,1.927859,7.019225,6.674450
1590324698034,2.137304,7.003547,7.291503
1590324698046,2.218630,6.984002,7.215827
1590324698057,2.107625,6.929672,6.924185
1590324698069,1.914135,6.801650,6.909915
1590324698079,1.824726,6.716492,6.979672
1590324698089,1.796073,6.512947,7.118910
1590324698102,1.836180,6.313241,7.349807
1590324698112,1.795469,6.177366,7.569747
1590324698122,1.708952,5.917988,7.852962
1590324698133,1.614985,5.725025,7.944948
1590324698146,1.550858,5.599319,7.995829
1590324698157,1.359476,5.522092,8.078085
1590324698170,1.220526,5.516787,7.899563
1590324698182,1.211495,5.628184,7.696832
1590324698195,1.248298,5.712757,7.725342
1590324698205,1.228015,5.716856,7.887295
1590324698218,1.121655,5.673568,7.887314
1590324698230,0.960209,5.586735,7.906075
1590324698242,0.904807,5.505074,7.996806
1590324698254,0.920226,5.380308,8.132011
1590324698266,0.970992,5.237833,8.237136
1590324698279,1.031786,5.001267,8.360561
1590324698289,0.991908,4.784985,8.406291
1590324698302,0.974555,4.636381,8.448362
1590324698312,0.929659,4.596972,8.485644
1590324698322,0.857028,4.558196,8.436487
1590324698333,0.775281,4.518577,8.386419
1590324698346,0.750927,4.452746,8.496045
1590324698357,0.745861,4.422119,8.684929
1590324698370,0.741197,4.405580,8.733482
1590324698382,0.751320,4.348445,8.733100
1590324698396,0.705581,4.287853,8.697264
1590324698411,0.664573,4.171303,8.722900
1590324698421,0.708176,4.079231,8.832967
1590324698433,0.790767,4.040493,8.889709
1590324698445,0.812899,3.959655,8.860251
1590324698458,0.826507,3.895835,8.921964
1590324698469,0.780098,3.882064,8.826435
1590324698479,0.728393,3.914615,8.767710
1590324698489,0.736188,3.964013,8.779117
1590324698502,0.759642,4.001956,8.899832
1590324698512,0.786198,4.059579,8.894718
1590324698526,0.831085,3.992686,8.813478
1590324698538,0.797480,3.805698,8.915270
1590324698550,0.754595,3.613482,9.094777
1590324698562,0.821364,3.532175,9.178105
1590324698574,0.885606,3.543361,9.225912
1590324698586,0.902432,3.655362,9.069974
1590324698597,0.895326,3.755277,8.843769
1590324698613,0.913110,3.776087,8.774921
1590324698629,0.869842,3.710630,8.959869
1590324698641,0.859030,3.565148,9.165866
1590324698653,0.875454,3.461087,9.319190
1590324698666,0.928663,3.385813,9.360678
1590324698679,0.931613,3.360396,9.351704
1590324698690,0.882637,3.403482,9.232156
1590324698702,0.828815,3.439759,9.060177
1590324698712,0.769583,3.425490,9.013777
1590324698728,0.695506,3.378659,9.165885
1590324698741,0.724907,3.350599,9.231142
1590324698753,0.784321,3.314303,9.322724
1590324698765,0.759690,3.275594,9.336612
1590324698778,0.747039,3.207378,9.329782
1590324698790,0.739741,3.155673,9.243907
1590324698802,0.795928,3.121991,9.245296
1590324698812,0.821048,3.132315,9.265235
1590324698822,0.895556,3.143223,9.286285
1590324698834,0.949962,3.176991,9.319066
1590324698846,1.014529,3.240044,9.334620
1590324698858,0.998411,3.238934,9.351876
1590324698869,0.904395,3.198500,9.265273
1590324698882,0.856904,3.126578,9.245880
1590324698896,0.842596,3.054254,9.271173
1590324698912,0.890049,3.045300,9.369641
1590324698922,0.936535,3.076090,9.352643
1590324698934,0.931249,3.147341,9.291398
1590324698946,0.867007,3.190925,9.171353
1590324698957,0.786208,3.153891,9.203111
1590324698970,0.748274,3.080763,9.305476
1590324698982,0.768443,2.987830,9.410477
1590324698995,0.811022,2.904837,9.490185
1590324699005,0.847825,2.825072,9.444446
1590324699017,0.812152,2.775253,9.380808
1590324699027,0.815331,2.744684,9.358953
1590324699037,0.812305,2.715456,9.342529
1590324699049,0.834015,2.742300,9.467076
1590324699062,0.843611,2.777686,9.528664
1590324699074,0.824898,2.897540,9.441821
1590324699086,0.753656,2.920122,9.346763
1590324699096,0.707697,2.890022,9.280185
1590324699113,0.699222,2.787368,9.324592
1590324699126,0.777665,2.578354,9.462153
1590324699137,0.817390,2.438954,9.559223
1590324699149,0.844033,2.376686,9.589247
1590324699162,0.911530,2.368852,9.591738
1590324699174,0.932676,2.413126,9.564032
1590324699186,0.942549,2.536034,9.451743
1590324699196,0.883317,2.567915,9.394513
1590324699206,0.782952,2.592997,9.351264
1590324699218,0.695621,2.576056,9.329668
1590324699230,0.681361,2.530470,9.434553
1590324699242,0.755227,2.501529,9.529210
1590324699254,0.830644,2.450274,9.499531
1590324699265,0.826823,2.377126,9.433853
1590324699279,0.829869,2.354276,9.399598
1590324699289,0.864431,2.360118,9.375024
1590324699302,0.896810,2.345379,9.479324
1590324699312,0.928883,2.325603,9.562997
1590324699322,0.916481,2.320039,9.654225
1590324699333,0.866069,2.318286,9.666704
1590324699346,0.803647,2.286003,9.664588
1590324699357,0.766987,2.246776,9.651898
1590324699369,0.789493,2.249506,9.596812
1590324699382,0.874602,2.237937,9.532571
1590324699395,0.898553,2.280812,9.474747
1590324699406,0.885136,2.297064,9.396111
1590324699418,0.807047,2.260490,9.438058
1590324699431,0.793525,2.261965,9.468033
1590324699442,0.778317,2.278456,9.575198
1590324699454,0.817696,2.275516,9.609023
1590324699466,0.855257,2.260500,9.593203
1590324699478,0.888163,2.184230,9.573704
1590324699489,0.910036,2.097263,9.541842
1590324699502,0.909615,1.949503,9.572431
1590324699512,0.901992,1.894130,9.667107
1590324699529,0.893947,1.962709,9.657290
1590324699542,0.923223,2.073657,9.575897
1590324699553,0.874736,2.118188,9.541152
1590324699566,0.891553,2.100558,9.488499
1590324699579,0.886602,1.997492,9.513715
1590324699589,0.888804,1.873338,9.686126
1590324699599,0.891984,1.796484,9.736260
1590324699612,0.880760,1.700458,9.796805
1590324699622,0.899904,1.678556,9.801182
1590324699634,0.924899,1.760533,9.743242
1590324699646,0.933672,1.855746,9.648613
1590324699658,0.951121,1.987034,9.513475
1590324699670,0.937828,2.088491,9.445997
1590324699682,0.909969,2.161715,9.477735
1590324699696,0.805055,2.178369,9.518158
1590324699712,0.695611,2.068504,9.589486
1590324699729,0.719324,1.963504,9.629210
1590324699742,0.857814,1.904425,9.579546
1590324699753,0.932293,1.883767,9.594304
1590324699765,0.959903,1.853859,9.631117
1590324699779,0.992646,1.876116,9.687381
1590324699790,0.973885,1.933462,9.745675
1590324699802,0.917228,1.950374,9.733800
1590324699812,0.859767,1.947022,9.723609
1590324699822,0.818281,1.974307,9.733617
1590324699834,0.770646,1.957997,9.685436
1590324699846,0.682788,1.896897,9.616810
1590324699858,0.707678,1.853782,9.561810
1590324699869,0.767648,1.751186,9.577189
1590324699879,0.808072,1.720952,9.670822
1590324699890,0.856310,1.735490,9.737736
1590324699902,0.864364,1.776574,9.692122
1590324699912,0.872648,1.813598,9.696057
1590324699922,0.840872,1.874746,9.668974
1590324699934,0.791983,1.833575,9.603498
1590324699945,0.764919,1.781937,9.623254
1590324699961,0.720885,1.703724,9.655154
1590324699974,0.739253,1.599796,9.728005
1590324699986,0.782358,1.573182,9.729031
1590324699998,0.801904,1.528411,9.729682
1590324700011,0.827522,1.535105,9.692380
1590324700022,0.825770,1.547066,9.647254
1590324700033,0.832110,1.604297,9.609933
1590324700045,0.858819,1.629197,9.655146
1590324700057,0.854385,1.690728,9.730860
1590324700069,0.817112,1.711136,9.724462
1590324700082,0.765369,1.676410,9.697743
1590324700095,0.722666,1.555944,9.674108
1590324700106,0.670645,1.419196,9.730381
1590324700118,0.695803,1.373276,9.695971
1590324700128,0.777656,1.382604,9.633616
1590324700145,0.849195,1.452562,9.740895
1590324700157,0.854471,1.629877,9.880487
1590324700169,0.839761,1.716336,9.710461
1590324700182,0.806147,1.719248,9.665018
1590324700194,0.766508,1.614506,9.649705
1590324700205,0.694903,1.432633,9.571827
1590324700218,0.692863,1.284719,9.623053
1590324700228,0.727674,1.191269,9.695971
1590324700245,0.912258,1.150653,9.890887
1590324700258,1.004301,1.204101,9.949757
1590324700270,0.963101,1.306746,9.838858
1590324700283,0.875339,1.433006,9.618495
1590324700294,0.828451,1.585488,9.888283
1590324700306,0.825617,1.467492,9.566051
1590324700318,0.828882,1.426542,9.780515
1590324700328,0.741580,1.345599,9.814647
1590324700338,0.737472,1.204466,9.802485
1590324700350,0.774007,1.126290,9.759072
1590324700362,0.873520,1.101534,9.771044
1590324700374,0.934150,1.096631,9.825248
1590324700385,0.919958,1.108286,9.837469
1590324700397,0.859930,1.181462,9.820968
1590324700411,0.829897,1.251574,9.767156
1590324700421,0.829524,1.403529,9.915146
1590324700434,0.837166,1.444575,9.786826
1590324700444,0.782234,1.433629,9.718562
1590324700457,0.709364,1.257502,9.722336
1590324700470,0.673719,1.118743,9.658708
1590324700482,0.675471,1.045261,9.697714
1590324700494,0.760743,1.043230,9.718313
1590324700506,0.843947,1.074374,9.842458
1590324700518,0.833364,1.098307,9.813345
1590324700528,0.754451,1.183157,9.776876
1590324700538,0.795555,1.128521,9.674480
1590324700549,0.799606,1.075121,9.676712
1590324700562,0.794454,0.989677,9.766141
1590324700574,0.781238,0.864067,9.800321
1590324700585,0.728374,0.873299,9.658746
1590324700597,0.805860,1.017287,9.729911
1590324700611,0.771546,1.007490,9.741068
1590324700621,0.757353,1.049063,9.753718
1590324700633,0.724045,1.013581,9.717950
1590324700645,0.683343,0.994915,9.686078
1590324700660,0.699346,1.001332,9.729901
1590324700670,0.729580,1.022315,9.774013
1590324700682,0.764986,1.043058,9.793759
1590324700694,0.786342,1.034113,9.790446
1590324700705,0.738094,1.054569,9.759590
1590324700718,0.784886,1.077343,9.760183
1590324700730,0.782262,1.130178,9.747207
1590324700743,0.744874,1.142819,9.732114
1590324700753,0.757075,1.100423,9.726914
1590324700765,0.738334,1.042062,9.750243
1590324700778,0.765187,0.987848,9.742553
1590324700790,0.788219,0.972707,9.788072
1590324700802,0.814029,1.003831,9.804485
1590324700813,0.805802,1.009357,9.792965
1590324700828,0.786783,1.027400,9.799889
1590324700838,0.767706,1.051361,9.749745
1590324700849,0.729705,1.034161,9.755108
1590324700862,0.737261,1.047367,9.739450
1590324700874,0.736801,0.982236,9.762310
1590324700886,0.714832,0.995835,9.733187
1590324700898,0.770416,1.000776,9.737018
1590324700911,0.796982,1.052539,9.773668
1590324700922,0.793429,1.040692,9.790801
1590324700934,0.770780,1.010468,9.755836
1590324700944,0.722091,0.985808,9.743405
1590324700957,0.713166,0.918741,9.758345
1590324700969,0.724055,0.928548,9.807167
1590324700982,0.763932,0.982868,9.760979
1590324700994,0.756395,1.052041,9.736538
1590324701006,0.728738,1.051706,9.748040
1590324701018,0.694357,1.025705,9.704647
1590324701028,0.682980,1.044935,9.708603
1590324701038,0.732233,0.962689,9.748040
1590324701049,0.809920,0.951791,9.778600
1590324701062,0.832837,1.016942,9.810510
1590324701074,0.909691,1.023176,9.804802
1590324701086,0.839244,0.969566,9.825727
1590324701098,0.740201,0.993115,9.751862
1590324701111,0.702670,0.992291,9.669931
1590324701121,0.690986,0.959807,9.701382
1590324701134,0.734608,0.920475,9.706170
1590324701144,0.752909,0.924832,9.719971
1590324701154,0.812879,0.959749,9.730141
1590324701165,0.789972,0.971002,9.755136
1590324701178,0.765034,0.992310,9.741978
1590324701190,0.784618,0.986421,9.723025
1590324701202,0.768328,0.958705,9.781923
1590324701213,0.773289,0.963628,9.812253
1590324701226,0.793151,0.924449,9.802887
1590324701238,0.779025,0.936698,9.771839
1590324701250,0.785384,0.996409,9.694592
1590324701260,0.823663,1.112030,9.697235
1590324701270,0.855142,1.243941,9.705357
1590324701281,0.842998,1.248078,9.690081
1590324701294,0.751741,1.212520,9.696441
1590324701306,0.695238,1.149763,9.666015
1590324701318,0.698322,1.123656,9.681711
1590324701330,0.783488,1.059252,9.738473
1590324701344,0.866107,0.998507,9.824406
1590324701354,0.899090,0.937196,9.899612
1590324701365,0.866912,0.977648,9.874233
1590324701378,0.866280,1.026787,9.802034
1590324701390,0.861242,1.075858,9.759446
1590324701402,0.840116,1.137150,9.771618
1590324701414,0.828269,1.041564,9.720497
1590324701427,0.781659,0.999282,9.735964
1590324701438,0.831497,1.016176,9.760260
1590324701450,0.857670,1.009597,9.787937
1590324701460,0.858235,0.970992,9.839643
1590324701470,0.826095,0.926355,9.878812
1590324701482,0.770483,0.902652,9.861573
1590324701494,0.750984,0.857469,9.833657
1590324701506,0.780749,0.896648,9.824903
1590324701517,0.796666,0.921145,9.847859
1590324701527,0.829361,0.988872,9.807129
1590324701538,0.793783,1.080063,9.731319
1590324701549,0.769286,1.114386,9.705117
1590324701561,0.779638,1.174184,9.624577
1590324701573,0.726860,1.192437,9.679987
1590324701585,0.804413,1.175113,9.713133
1590324701597,0.830731,1.034908,9.806622
1590324701610,0.870235,0.931095,9.941511
1590324701622,0.887722,0.966807,9.916352
1590324701634,0.863263,1.096861,9.747523
1590324701644,0.867649,1.173034,9.693634
1590324701660,0.818827,1.310643,9.620218
1590324701670,0.774572,1.266791,9.607252
1590324701682,0.799146,1.170410,9.683186
1590324701694,0.845718,1.008917,9.820345
1590324701706,0.826201,0.930071,9.911402
1590324701718,0.856751,0.990567,9.832518
1590324701730,0.864814,1.138242,9.726119
1590324701744,0.854462,1.200903,9.716351
1590324701760,0.888517,1.085703,9.800588
1590324701773,0.847375,0.979918,9.882421
1590324701786,0.885548,0.882340,9.930134
1590324701798,0.788995,1.041593,9.732201
1590324701811,0.749318,1.194898,9.609406
1590324701822,0.794434,1.243711,9.646698
1590324701834,0.888364,1.131854,9.871323
1590324701844,0.921988,1.040032,9.945848
1590324701854,0.851665,0.968656,9.928036
1590324701866,0.886448,1.132496,9.836329
1590324701879,0.806942,1.224165,9.772816
1590324701889,0.837971,1.256946,9.768008
1590324701902,0.784226,1.287544,9.728560
1590324701914,0.728757,1.302685,9.676156
1590324701927,0.773116,1.334930,9.679681
1590324701937,0.851551,1.244946,9.773897
1590324701949,0.871805,1.055575,9.841146
1590324701961,0.868415,1.051332,9.803968
1590324701973,0.861779,1.136049,9.700730
1590324701986,0.913752,1.187830,9.721876
1590324701998,0.850181,1.224356,9.706390
1590324702011,0.796857,1.204331,9.693490
1590324702022,0.820684,1.162797,9.705931
1590324702034,0.771259,1.185982,9.715737
1590324702044,0.776516,1.189957,9.730275
1590324702054,0.873529,1.159502,9.708957
1590324702065,0.813847,1.106839,9.822624
1590324702078,0.792280,0.968550,9.968191
1590324702090,0.777148,0.983442,9.871667
1590324702102,0.709412,0.981029,9.870489
1590324702114,0.678009,1.078052,9.717203
1590324702127,0.742988,1.147416,9.724195
1590324702137,0.831219,1.188606,9.737352
1590324702149,0.810725,1.278887,9.681701
1590324702160,0.814211,1.316131,9.728379
1590324702174,0.833805,1.358154,9.668868
1590324702186,0.779495,1.338416,9.771608
1590324702198,0.831602,1.238099,9.761266
1590324702210,0.707372,1.240800,9.766045
1590324702221,0.738956,1.273639,9.710145
1590324702234,0.809911,1.293654,9.731310
1590324702244,0.850746,1.313105,9.741806
1590324702254,0.835002,1.374703,9.723926
1590324702266,0.806789,1.407053,9.668974
1590324702278,0.807784,1.377604,9.696660
1590324702290,0.781870,1.309475,9.779586
1590324702302,0.748820,1.222805,9.830276
1590324702314,0.757564,1.130580,9.833130
1590324702327,0.771670,1.116014,9.855463
1590324702338,0.788430,1.154053,9.811602
1590324702350,0.781678,1.238023,9.761457
1590324702360,0.749012,1.272422,9.735677
1590324702370,0.698724,1.304773,9.694650
1590324702382,0.684014,1.319387,9.660259
1590324702394,0.673546,1.312118,9.667901
1590324702406,0.720636,1.280984,9.731549
1590324702418,0.756233,1.254983,9.771312
1590324702431,0.742356,1.218744,9.771580
1590324702444,0.766796,1.220861,9.730898
1590324702461,0.725932,1.262654,9.745339
1590324702474,0.756242,1.298625,9.695396
1590324702486,0.747594,1.310212,9.737687
1590324702498,0.734780,1.334538,9.736825
1590324702510,0.711997,1.335208,9.700616
1590324702522,0.673489,1.298356,9.712549
1590324702533,0.693801,1.258948,9.728522
1590324702543,0.696713,1.261304,9.745924
1590324702553,0.760379,1.279892,9.762673
1590324702566,0.791207,1.287133,9.788177
1590324702578,0.779504,1.297677,9.778064
1590324702590,0.733574,1.290197,9.767711
1590324702602,0.705648,1.242217,9.728744
1590324702614,0.715100,1.249304,9.688941
1590324702628,0.751693,1.252895,9.703585
1590324702638,0.786093,1.275362,9.711495
1590324702650,0.815666,1.264177,9.713870
1590324702660,0.808311,1.236366,9.726761
1590324702670,0.816241,1.179901,9.790197
1590324702681,0.795402,1.160948,9.770708
1590324702694,0.768596,1.146411,9.767289
1590324702705,0.778623,1.200003,9.754408
1590324702718,0.769027,1.251641,9.713017
1590324702731,0.744798,1.286184,9.696086
1590324702744,0.736524,1.291231,9.665728
1590324702754,0.729810,1.306717,9.643883
1590324702766,0.743093,1.288540,9.701507
1590324702777,0.749443,1.243328,9.722854
1590324702790,0.799874,1.190378,9.779634
1590324702802,0.849386,1.191431,9.820527
1590324702814,0.882436,1.205777,9.847620
1590324702827,0.885816,1.254619,9.827451
1590324702837,0.831803,1.294449,9.791251
1590324702850,0.720377,1.354716,9.743922
1590324702860,0.678124,1.369196,9.681185
1590324702874,0.625816,1.415165,9.598451
1590324702886,0.698025,1.468555,9.564797
1590324702898,0.787903,1.454937,9.634727
1590324702910,0.809269,1.475479,9.694410
1590324702922,0.809307,1.381521,9.714704
1590324702933,0.800880,1.302886,9.753987
1590324702943,0.767696,1.271398,9.739421
1590324702954,0.759814,1.265977,9.744450
1590324702966,0.796446,1.241643,9.806880
1590324702977,0.793170,1.257837,9.807206
1590324702990,0.802125,1.292668,9.796364
1590324703002,0.792107,1.295397,9.766581
1590324703014,0.785001,1.311639,9.798069
1590324703027,0.771326,1.339700,9.799400
1590324703038,0.751798,1.355367,9.736500
1590324703049,0.727703,1.347418,9.731023
1590324703059,0.717418,1.348290,9.717050
1590324703069,0.753771,1.352437,9.733752
1590324703081,0.780969,1.367194,9.760863
1590324703094,0.799568,1.356861,9.762846
1590324703105,0.792557,1.348932,9.750693
1590324703118,0.764804,1.320987,9.749869
1590324703130,0.774132,1.319157,9.763114
1590324703143,0.748734,1.339412,9.768909
1590324703153,0.762161,1.390504,9.744113
1590324703165,0.725663,1.438436,9.713564
1590324703176,0.705217,1.461210,9.692342
1590324703186,0.688869,1.454478,9.642312
1590324703198,0.698810,1.468718,9.648968
1590324703211,0.748083,1.413786,9.684230
1590324703222,0.791140,1.374224,9.704609
1590324703234,0.853495,1.310347,9.765306
1590324703244,0.836505,1.247274,9.805281
1590324703260,0.808694,1.196440,9.823841
1590324703276,0.769793,1.206094,9.825363
1590324703289,0.711825,1.286893,9.733992
1590324703302,0.712649,1.314752,9.713697
1590324703314,0.744147,1.349918,9.711466
1590324703327,0.756098,1.393933,9.710768
1590324703338,0.801425,1.383351,9.727642
1590324703350,0.826411,1.303384,9.746729
1590324703360,0.855372,1.322174,9.851144
1590324703370,0.755083,1.250319,9.848931
1590324703382,0.724428,1.247743,9.730725
1590324703394,0.686006,1.278877,9.729461
1590324703406,0.717944,1.327709,9.764091
1590324703417,0.769075,1.440141,9.712913
1590324703431,0.784024,1.528765,9.647771
1590324703443,0.793965,1.561412,9.658880
1590324703454,0.767112,1.513059,9.730351
1590324703465,0.684148,1.491626,9.682133
1590324703476,0.671602,1.461191,9.653450
1590324703490,0.664065,1.394881,9.716016
1590324703502,0.683324,1.311821,9.784700
1590324703514,0.691742,1.271245,9.794430
1590324703527,0.693983,1.332412,9.732852
1590324703537,0.726803,1.356689,9.749046
1590324703550,0.758550,1.405406,9.768056
1590324703560,0.766939,1.432815,9.768985
1590324703570,0.785107,1.444747,9.726291
1590324703581,0.765110,1.494853,9.692925
1590324703593,0.732271,1.478965,9.695923
1590324703605,0.683822,1.440792,9.691394
1590324703617,0.671976,1.398932,9.687620
1590324703630,0.677463,1.383552,9.666359
1590324703643,0.699998,1.374224,9.672795
1590324703653,0.714899,1.381560,9.697570
1590324703663,0.756108,1.374674,9.697331
1590324703676,0.779313,1.404467,9.697417
1590324703693,0.770828,1.401556,9.756679
1590324703706,0.778001,1.384701,9.750702
1590324703717,0.782511,1.386204,9.745492
1590324703730,0.727042,1.414494,9.733972
1590324703742,0.717571,1.439710,9.718649
1590324703753,0.714899,1.455579,9.725764
1590324703766,0.717073,1.417252,9.738875
1590324703776,0.743218,1.414801,9.757013
1590324703792,0.730184,1.404046,9.742390
1590324703802,0.733181,1.426350,9.709465
1590324703814,0.707324,1.420729,9.671607
1590324703826,0.705830,1.425738,9.679814
1590324703837,0.739406,1.434376,9.745502
1590324703850,0.750352,1.435563,9.676951
1590324703862,0.689473,1.398721,9.690695
1590324703876,0.642077,1.330084,9.741221
1590324703886,0.627712,1.289546,9.764119
1590324703898,0.700256,1.316102,9.863737
1590324703910,0.773413,1.399401,9.794756
1590324703922,0.797298,1.480354,9.694420
1590324703933,0.733018,1.509314,9.591297
1590324703943,0.668001,1.448147,9.617020
1590324703954,0.609707,1.299132,9.683339
1590324703966,0.573612,1.189200,9.889892
1590324703977,0.639616,1.185063,9.897362
1590324703992,0.723039,1.221474,9.841241
1590324704002,0.784312,1.293348,9.785974
1590324704013,0.758761,1.320268,9.736721
1590324704026,0.682338,1.346930,9.697436
1590324704037,0.644299,1.358997,9.697953
1590324704049,0.607658,1.347639,9.688425
1590324704059,0.600830,1.343664,9.708746
1590324704071,0.677779,1.354218,9.746135
1590324704082,0.801129,1.389173,9.757320
1590324704093,0.799050,1.367175,9.769923
1590324704106,0.730279,1.350684,9.816275
1590324704118,0.756616,1.370613,9.745685
1590324704130,0.737941,1.361037,9.720803
1590324704142,0.675136,1.360433,9.705050
1590324704154,0.652343,1.321264,9.711294
1590324704165,0.696741,1.306353,9.729547
1590324704175,0.729954,1.274702,9.751938
1590324704185,0.802048,1.289115,9.779979
1590324704198,0.777033,1.300310,9.741423
1590324704209,0.741408,1.310902,9.715872
1590324704222,0.664199,1.330113,9.677909
1590324704234,0.624025,1.294976,9.656303
1590324704246,0.624992,1.259838,9.677239
1590324704259,0.702899,1.243836,9.728140
1590324704269,0.728431,1.257492,9.717357
1590324704282,0.749040,1.295349,9.666446
1590324704293,0.762017,1.305099,9.652636
1590324704306,0.784647,1.287879,9.717078
1590324704318,0.781199,1.252158,9.712366
1590324704330,0.752660,1.194879,9.738885
1590324704343,0.769908,1.237352,9.747877
1590324704353,0.808924,1.330353,9.740570
1590324704366,0.774821,1.392496,9.726482
1590324704376,0.758483,1.410549,9.695004
1590324704393,0.734857,1.413288,9.639812
1590324704406,0.738793,1.343272,9.623523
1590324704417,0.735767,1.278303,9.683416
1590324704429,0.746570,1.254332,9.737850
1590324704441,0.773365,1.316859,9.686825
1590324704453,0.775673,1.344929,9.677316
1590324704465,0.783881,1.327585,9.729011
1590324704475,0.783459,1.271417,9.825747
1590324704485,0.759010,1.242907,9.800072
1590324704495,0.702670,1.258488,9.742908
1590324704505,0.684665,1.288655,9.765528
1590324704517,0.732492,1.339431,9.751527
1590324704529,0.782119,1.409859,9.808470
1590324704541,0.794377,1.478525,9.771704
1590324704554,0.741848,1.508069,9.652626
1590324704566,0.644787,1.485401,9.559502
1590324704576,0.598914,1.437057,9.549839
1590324704592,0.647239,1.361889,9.672287
1590324704602,0.720310,1.366064,9.793339
1590324704614,0.814153,1.371504,9.835927
1590324704626,0.777464,1.442679,9.789863
1590324704638,0.766987,1.524177,9.719204
1590324704650,0.735863,1.542402,9.665354
1590324704662,0.706931,1.539338,9.648537
1590324704676,0.631408,1.511967,9.598239
1590324704693,0.575413,1.477567,9.587390
1590324704705,0.588389,1.406948,9.613897
1590324704717,0.626831,1.380209,9.601027
1590324704729,0.870407,1.363996,9.660911
1590324704742,0.928778,1.375976,9.730927
1590324704753,0.891945,1.411708,9.905980
1590324704766,0.819985,1.426054,9.669893
1590324704776,0.695592,1.493541,9.500461
1590324704792,0.493569,1.756224,9.896720
1590324704802,0.391720,1.753753,8.911401
1590324704813,0.257913,1.718290,8.979329
1590324704826,0.357320,1.735480,9.087336
1590324704838,0.251860,1.771240,9.341103
1590324704849,0.766106,2.378850,9.697321
1590324704860,0.910544,2.553780,10.088313
1590324704870,1.068417,2.665762,9.604282
1590324704881,0.583773,2.708704,9.295622
1590324704892,0.681428,2.798717,9.163577
1590324704902,0.995385,3.059570,9.161087
1590324704913,1.102108,3.355215,8.794928
1590324704926,1.176932,3.569190,8.462459
1590324704937,1.389508,3.857203,8.913613
1590324704949,1.618691,4.009637,9.129004
1590324704959,1.775904,4.096106,9.212907
1590324704969,1.857173,4.216821,9.220942
1590324704982,1.820359,4.185831,8.968421
1590324704992,1.791351,4.171312,8.822825
1590324705002,1.692825,4.226063,8.608544
1590324705013,1.795718,4.314658,8.554416
1590324705026,1.961100,4.436992,8.472400
1590324705037,2.113457,4.536610,8.541574
1590324705050,2.283752,4.626105,8.587724
1590324705062,2.503981,4.727274,8.586096
1590324705075,2.518585,4.771769,8.462833
1590324705086,2.377921,4.766291,8.166210
1590324705098,2.162060,4.819308,7.777440
1590324705108,2.020199,4.905135,7.664519
1590324705121,2.083971,5.168804,7.516606
1590324705133,2.459841,5.453149,7.540634
1590324705145,2.979067,5.767306,7.707817
1590324705157,3.121407,5.869462,7.963555
1590324705169,3.004397,5.848824,8.059160
1590324705182,2.574073,5.621289,8.053712
1590324705194,2.000892,5.329550,7.944526
1590324705208,1.484721,5.038081,7.793510
1590324705221,1.285571,4.746304,7.746219
1590324705233,1.788861,4.847866,7.970173
1590324705245,2.545697,5.143234,8.395307
1590324705258,3.453387,5.657020,8.767078
1590324705269,3.422818,5.696074,8.174150
1590324705282,2.993652,5.708926,7.799208
1590324705292,2.646704,5.564192,7.198685
1590324705302,2.195464,5.396387,6.321114
1590324705314,2.063083,5.360120,5.715170
1590324705326,2.339509,5.583211,5.593525
1590324705338,2.893153,5.843001,5.767469
1590324705350,3.302562,6.055003,6.115682
1590324705362,3.229443,6.140323,6.189079
1590324705376,2.796227,6.028092,5.602547
1590324705392,2.089075,5.775858,4.442795
1590324705402,1.756808,5.680770,4.119071
1590324705414,1.647814,5.856151,4.632254
1590324705426,1.443455,6.080611,5.069310
1590324705437,1.326436,6.230469,4.960680
1590324705450,1.149897,6.331389,4.836585
1590324705463,0.767811,6.293897,4.562161
1590324705475,0.351000,6.306404,3.875619
1590324705485,-0.062632,6.298388,3.315701
1590324705495,-0.243816,6.577083,3.641715
1590324705508,-0.251602,7.119791,4.069530
1590324705522,-0.219500,7.749935,3.903190
1590324705534,-0.281980,8.125614,3.839581
1590324705546,-0.172564,8.426757,3.558339
1590324705559,-0.097023,8.477811,2.879784
1590324705569,-0.059003,8.462603,2.262157
1590324705581,-0.125839,8.575370,2.012968
1590324705592,-0.101093,8.793826,2.145875
1590324705602,-0.040376,9.160436,2.604767
1590324705613,-0.055814,9.415227,2.664086
1590324705626,-0.260164,9.407441,2.205912
1590324705637,-0.402868,9.203541,1.782838
1590324705649,-0.317682,9.022779,1.585775
1590324705662,-0.214358,9.033333,1.448482
1590324705674,-0.030071,9.253628,1.865868
1590324705685,0.220784,9.662146,2.536561
1590324705697,0.405233,10.004162,2.807747
1590324705708,0.356363,10.094567,2.711309
1590324705722,-0.042205,10.026016,2.109771
1590324705734,-0.538284,10.007840,1.113716
1590324705746,-0.796063,10.121497,0.101514
1590324705758,-0.733938,10.313254,-0.067737
1590324705769,-0.473544,10.618696,0.282334
1590324705781,-0.266465,10.697945,0.204589
1590324705791,-0.288061,10.611657,0.104483
1590324705802,-0.608347,10.478674,0.341183
1590324705813,-1.092924,10.447186,0.305385
1590324705825,-1.418047,10.629086,-0.107059
1590324705838,-1.426772,10.964295,0.270305
1590324705849,-1.254801,11.463955,1.015458
1590324705861,-1.271216,11.827721,0.894876
1590324705874,-1.548033,11.952334,0.511296
1590324705886,-1.968924,11.959277,0.344238
1590324705898,-2.313651,11.921085,0.250261
1590324705908,-2.400771,11.810942,0.171348
1590324705918,-2.196987,11.659255,0.298461
1590324705930,-1.865734,11.598375,0.706031
1590324705942,-1.568183,11.692774,1.038270
1590324705954,-1.381521,11.914142,0.965620
1590324705966,-1.408595,11.985747,0.617781
1590324705976,-1.469312,11.882232,0.543139
1590324705986,-1.608750,11.546833,0.739588
1590324705998,-1.750650,11.100419,0.990443
1590324706008,-1.807622,10.837402,0.982303
1590324706018,-1.729495,10.595856,1.030867
1590324706030,-1.528774,10.446247,1.216829
1590324706042,-1.304677,10.230969,1.407475
1590324706053,-1.095462,10.015138,1.521352
1590324706065,-0.975494,9.758901,1.479990
1590324706075,-0.928835,9.575313,1.456747
1590324706085,-1.009032,9.397960,1.366668
1590324706095,-1.005890,9.433480,1.134679
1590324706108,-0.861079,9.431402,0.609095
1590324706118,-0.582749,9.438010,0.581714
1590324706129,-0.367797,9.482848,0.730500
1590324706142,-0.276186,9.418703,0.839072
1590324706154,-0.246718,9.313358,0.963130
1590324706166,-0.287199,9.157429,0.936688
1590324706178,-0.501145,9.094069,0.777886
1590324706192,-0.646731,9.195401,0.453414
1590324706202,-0.623843,9.328720,0.209138
1590324706213,-0.530038,9.363637,0.198451
1590324706226,-4.896660,17.677139,0.047396
1590324706238,1.950824,5.747300,-11.182310
1590324706250,-3.564756,12.700139,8.487800
1590324706262,-0.049953,9.183382,4.108057
1590324706275,-0.409198,9.238745,2.557189
1590324706285,-0.369176,10.129063,-1.052797
1590324706297,-0.407819,9.463024,-2.781105
1590324706309,-0.926048,10.404415,0.452332
1590324706321,-0.836151,9.350401,3.152120
1590324706333,-0.324050,8.958117,1.772303
1590324706344,-0.357071,9.287568,1.259427
1590324706354,-0.490026,9.195641,1.238932
1590324706365,-0.910869,8.929559,2.071167
1590324706377,-1.476887,8.649705,2.551587
1590324706391,-3.132650,8.905013,1.334260
1590324706402,-1.079249,12.734595,-6.906544
1590324706414,1.122431,10.682832,-4.010144
1590324706426,1.361180,9.999240,-0.519743
1590324706438,1.156878,9.902840,0.296096
1590324706449,1.356746,10.306033,-1.367664
1590324706459,1.510119,10.592801,-2.445648
1590324706470,1.060813,10.627612,-2.629015
1590324706482,0.328887,10.001806,-1.459831
1590324706492,-0.065247,10.254030,-0.912746
1590324706502,-4.159648,9.054076,4.399825
1590324706514,-3.246260,7.962023,3.077124
1590324706526,-2.635470,8.002064,2.056801
1590324706537,3.061485,11.873641,-2.753093
1590324706549,2.260567,9.662136,-0.738918
1590324706559,1.470059,10.882729,0.332765
1590324706569,-0.066406,10.607425,0.446136
1590324706582,-2.583956,8.439426,1.633717
1590324706592,-2.933567,8.707204,0.334355
1590324706602,-1.171952,10.149950,-2.976539
1590324706614,1.143049,10.272513,-1.126434
1590324706626,1.301967,10.092661,2.535632
1590324706638,-0.663175,9.328787,3.217137
1590324706650,-0.701338,9.765230,-0.854318
1590324706662,-0.488417,9.974063,-2.963868
1590324706675,-0.940174,9.668495,-0.473133
1590324706686,-0.620730,9.592982,1.808647
1590324706698,0.517013,9.941808,1.079900
1590324706709,0.566583,9.963317,0.041199
1590324706722,-0.952634,9.690944,-0.332162
1590324706734,-1.067689,9.574298,-0.195731
1590324706745,-0.275046,9.875460,-0.187303
1590324706759,0.097300,9.908347,0.284623
1590324706769,-0.291796,9.714617,0.624101
1590324706781,-0.546213,9.667250,0.141172
1590324706792,-0.456478,9.750933,-0.324702
1590324706802,-0.372241,9.836617,-0.255155
1590324706813,-0.434758,9.774270,0.327354
1590324706826,-0.354217,9.764656,0.322968
1590324706837,-0.242006,9.788425,0.007499
1590324706849,-0.363028,9.745598,0.058217
1590324706861,-0.462531,9.731338,0.152712
1590324706875,-0.371245,9.835888,0.036334
1590324706886,-0.366638,9.763009,-0.005574
1590324706897,-0.403931,9.781281,0.167383
1590324706909,-0.348318,9.722469,0.214808
1590324706922,-0.289220,9.735763,0.082073
1590324706933,-0.408604,9.694151,0.017420
1590324706945,-0.454065,9.737142,0.012479
1590324706958,-0.347044,9.758536,0.069288
1590324706970,-0.286873,9.789000,0.186805
1590324706982,-0.359006,9.769865,0.138634
1590324706992,-0.390542,9.774032,0.047271
1590324707002,-0.426379,9.770507,-0.025829
1590324707014,-0.405530,9.779145,0.074833
1590324707025,-0.362224,9.772222,0.128128
1590324707038,-0.330342,9.770660,0.115410
1590324707050,-0.378696,9.750990,0.069556
1590324707062,-0.406047,9.770823,0.063676
1590324707076,-0.369588,9.767807,0.085052
1590324707086,-0.352503,9.766121,0.119643
1590324707097,-0.369626,9.763487,0.114835
1590324707109,-0.347916,9.765949,0.111579
1590324707121,-0.378236,9.766102,0.070773
1590324707133,-0.385725,9.769042,0.066540
1590324707146,-0.374386,9.775362,0.077467
1590324707158,-0.348146,9.771905,0.122612
1590324707170,-0.347150,9.765872,0.121578
1590324707182,-0.376110,9.767874,0.076586
1590324707192,-0.387525,9.775525,0.053879
1590324707202,-0.367654,9.774358,0.061924
1590324707214,-0.380036,9.764493,0.096467
1590324707226,-0.354131,9.785994,0.094140
1590324707238,-0.375842,9.777872,0.064864
1590324707250,-0.387171,9.764723,0.082322
1590324707262,-0.376646,9.765603,0.063801
1590324707274,-0.367213,9.799679,0.092694
1590324707285,-0.359561,9.769349,0.079899
1590324707297,-0.368918,9.759235,0.091631
1590324707308,-0.359322,9.762923,0.088269
1590324707322,-0.363325,9.786501,0.095117
1590324707333,-0.364225,9.764158,0.097272
1590324707346,-0.369349,9.761993,0.112202
1590324707358,-0.366715,9.758173,0.095021
1590324707370,-0.365930,9.777786,0.078855
1590324707382,-0.367453,9.776981,0.077630
1590324707394,-0.366217,9.768822,0.085550
1590324707408,-0.366820,9.772968,0.101332
1590324707422,-0.369818,9.772020,0.103497
1590324707434,-0.365719,9.783656,0.085626
1590324707446,-0.374472,9.779145,0.086967
1590324707459,-0.379309,9.774127,0.074498
1590324707470,-0.366610,9.782248,0.072391
1590324707482,-0.360701,9.773485,0.097578
1590324707492,-0.377422,9.770076,0.087676
1590324707502,-0.375286,9.767127,0.079420
1590324707514,-0.369435,9.773629,0.068733
1590324707526,-0.334767,9.655107,0.054885
1590324707538,-0.360777,9.576758,0.089064
1590324707549,-0.355098,9.665450,0.061416
1590324707561,-0.356822,9.756046,0.092483
1590324707574,-0.380410,9.765412,0.099474
1590324707585,-0.378973,9.759351,0.079210
1590324707598,-0.373563,9.762865,0.081125
1590324707609,-0.369540,9.776703,0.093479
1590324707625,-0.374511,9.769616,0.101964
1590324707638,-0.368736,9.776617,0.100307
1590324707650,-0.367510,9.763726,0.090750
1590324707662,-0.381042,9.773246,0.084630
1590324707675,-0.364838,9.773764,0.080675
1590324707685,-0.367998,9.780602,0.085147
1590324707698,-0.375028,9.766246,0.102060
1590324707711,-0.363708,9.777240,0.077275
1590324707724,-0.379270,9.758690,0.078808
1590324707737,-0.369856,9.777680,0.085856
1590324707749,-0.366054,9.777221,0.059654
1590324707762,-0.370096,9.787181,0.099848
1590324707774,-0.368439,9.780811,0.081977
1590324707786,-0.370843,9.767529,0.070619
1590324707798,-0.382699,9.778647,0.088471
1590324707811,-0.362923,9.765757,0.081144
1590324707825,-0.363421,9.768104,0.081661
1590324707837,-0.371867,9.762731,0.098746
1590324707850,-0.368065,9.771656,0.072918
1590324707862,-0.379060,9.778370,0.091459
1590324707875,-0.374032,9.780486,0.101399
1590324707886,-0.372490,9.770516,0.093134
1590324707898,-0.376761,9.768573,0.092713
1590324707908,-0.379558,9.770469,0.073234
1590324707918,-0.362884,9.779222,0.087321
1590324707930,-0.369789,9.782919,0.090807
1590324707942,-0.374855,9.777259,0.096544
1590324707953,-0.373649,9.795005,0.089447
1590324707965,-0.370259,9.767337,0.090664
1590324707977,-0.359877,9.770660,0.088538
1590324707991,-0.374204,9.768985,0.082887
1590324708002,-0.368985,9.773017,0.080292
1590324708013,-0.363564,9.766159,0.080646
1590324708024,-0.373926,9.785820,0.066128
1590324708038,-0.371302,9.759724,0.088461
1590324708050,-0.377384,9.754849,0.081834
1590324708062,-0.369253,9.753117,0.094121
1590324708074,-0.363986,9.775812,0.086775
1590324708085,-0.382948,9.777824,0.086842
1590324708097,-0.370431,9.757013,0.091152
1590324708108,-0.390561,9.818890,0.083883
1590324708118,-0.368707,9.752685,0.095586
1590324708130,-0.360758,9.762156,0.118542
1590324708141,-0.373668,9.752666,0.091468
1590324708153,-0.363076,9.763450,0.091899
1590324708165,-0.381732,9.784834,0.097415
1590324708178,-0.372088,9.795235,0.077448
1590324708190,-0.360950,9.791212,0.094494
1590324708202,-0.375746,9.753489,0.091698
1590324708214,-0.379098,9.768956,0.058160
1590324708226,-0.372547,9.771963,0.075006
1590324708238,-0.366715,9.772269,0.102501
1590324708249,-0.372222,9.769137,0.080234
1590324708262,-0.370259,9.761294,0.079784
1590324708273,-0.364034,9.779145,0.087752
1590324708285,-0.359226,9.760653,0.085502
1590324708298,-0.362492,9.779941,0.071012
1590324708311,-0.372250,9.783877,0.090166
1590324708321,-0.375009,9.757914,0.103382
1590324708333,-0.357416,9.768660,0.080340
1590324708346,-0.360749,9.776943,0.096592
1590324708358,-0.362722,9.767874,0.088748
1590324708370,-0.368391,9.768506,0.097300
1590324708381,-0.371465,9.777374,0.088854
1590324708393,-0.378964,9.764742,0.088059
1590324708407,-0.361726,9.778552,0.082897
1590324708417,-0.363679,9.781693,0.093364
1590324708429,-0.385179,9.772117,0.086019
1590324708442,-0.370651,9.768725,0.092330
1590324708453,-0.364206,9.763909,0.083902
1590324708465,-0.371427,9.761773,0.082839
1590324708478,-0.357224,9.768353,0.091056
1590324708490,-0.363603,9.761438,0.091095
1590324708502,-0.371963,9.771686,0.086172
1590324708513,-0.378552,9.769952,0.086785
1590324708524,-0.372835,9.783005,0.085559
1590324708534,-0.368956,9.778169,0.091229
1590324708546,-0.372461,9.786270,0.092416
1590324708557,-0.373687,9.766064,0.093987
1590324708569,-0.345388,9.767701,0.094897
1590324708581,-0.373199,9.762329,0.090712
1590324708591,-0.367893,9.762961,0.086670
1590324708602,-0.369559,9.770641,0.090357
1590324708613,-0.372528,9.781358,0.085866
1590324708623,-0.376359,9.773428,0.090884
1590324708634,-0.366887,9.779490,0.086383
1590324708645,-0.366715,9.765326,0.086230
1590324708659,-0.369655,9.766254,0.090597
1590324708670,-0.363631,9.775536,0.100126
1590324708682,-0.369176,9.774759,0.082724
1590324708694,-0.370460,9.779835,0.099254
1590324708706,-0.369253,9.764416,0.087877
1590324708717,-0.374875,9.757665,0.090089
1590324708730,-0.379021,9.768410,0.024804
1590324708741,-0.340503,9.799448,0.068886
1590324708754,-0.405300,9.768142,0.098622
1590324708766,-0.408317,9.743855,0.053812
1590324708778,-0.364081,9.766130,0.105872
1590324708791,-0.351134,9.773112,0.136316
1590324708802,-0.375459,9.771867,0.089725
1590324708813,-0.391126,9.770546,0.073952
1590324708825,-0.361620,9.769913,0.067047
1590324708837,-0.338732,9.772758,0.134774
1590324708850,-0.334144,9.780850,0.116052
1590324708864,-0.349161,9.774989,0.094437
1590324708874,-0.421073,9.767529,0.025101
1590324708885,-0.405300,9.762128,0.059750
