0.017212,1.103516,-0.041870
-0.008911,1.140869,-0.046265
0.028687,1.151123,-0.015259
-0.029663,1.119385,-0.007690
-0.044800,1.087646,0.010620
-0.069946,1.068848,0.016235
-0.016968,1.015381,0.055054
0.005005,1.011963,0.047241
0.096558,0.987061,0.082397
0.076538,0.950684,0.119751
0.129761,0.986816,0.100464
0.057251,0.985107,0.088501
0.129272,0.965088,0.111694
0.152710,0.989014,0.124634
0.140015,0.949951,0.154175
0.217896,0.934082,0.175415
0.183472,0.930176,0.182495
0.169800,0.933350,0.193237
0.190552,0.934570,0.213013
0.237671,0.919922,0.245483
0.198364,0.882568,0.266235
0.229858,0.883545,0.302368
0.288940,0.872314,0.319702
0.269653,0.874756,0.330444
0.295532,0.886475,0.338501
0.363159,0.858643,0.381958
0.332886,0.845215,0.402222
0.378784,0.824707,0.437134
0.375610,0.789063,0.422485
0.354370,0.788330,0.449829
0.381714,0.781006,0.476929
0.351440,0.767822,0.482056
0.414673,0.774414,0.507935
0.421753,0.724854,0.544067
0.423950,0.739502,0.563354
0.394165,0.746094,0.553589
0.528687,0.633301,0.638062
0.390503,0.635254,0.609253
0.519653,0.593506,0.663208
0.504761,0.530518,0.663452
0.478638,0.503174,0.682983
0.545776,0.500732,0.694702
0.528687,0.464844,0.703491
0.500610,0.416504,0.721313
0.549683,0.427490,0.707153
0.513550,0.406006,0.704224
0.553101,0.375244,0.741333
0.541382,0.383301,0.731567
0.553345,0.360352,0.737427
0.526001,0.367920,0.750122
0.580200,0.349121,0.786987
0.537476,0.365967,0.769409
0.566284,0.369873,0.738892
0.594116,0.318359,0.769409
0.566772,0.307373,0.755005
0.593872,0.257813,0.779663
0.598511,0.276367,0.776489
0.569702,0.287842,0.761597
0.593140,0.291016,0.787964
0.567017,0.275879,0.780396
0.582153,0.248535,0.796021
0.595093,0.259033,0.798218
0.570190,0.227051,0.788940
0.565796,0.235596,0.771851
0.598999,0.229248,0.791626
0.577759,0.199951,0.792847
0.608276,0.215088,0.779419
0.585083,0.213379,0.786011
0.580200,0.236572,0.794800
0.591187,0.222412,0.791870
0.572632,0.249023,0.789185
0.593384,0.213379,0.790894
0.586304,0.211426,0.786987
0.588257,0.226807,0.781372
0.617554,0.217285,0.783569
0.578003,0.237061,0.776489
0.578491,0.221924,0.788940
0.594360,0.240723,0.782349
0.602417,0.236328,0.786987
0.600708,0.236328,0.787476
0.586548,0.271240,0.784302
0.590698,0.261963,0.768433
0.588745,0.250488,0.782837
0.575562,0.266357,0.769653
0.582153,0.304688,0.752808
0.589233,0.310547,0.766968
0.570435,0.299561,0.765015
0.584839,0.277832,0.796265
0.576538,0.333252,0.758179
0.573364,0.316895,0.772095
0.568726,0.303955,0.768188
0.568481,0.316162,0.757935
0.566040,0.342285,0.745972
0.554077,0.339111,0.760864
0.544312,0.418457,0.738647
0.568237,0.404785,0.762573
0.550659,0.434082,0.732788
0.575562,0.416260,0.755737
0.558960,0.399658,0.750610
0.548950,0.407471,0.738159
0.582642,0.379883,0.759888
0.555786,0.389160,0.735474
0.550171,0.370850,0.744263
0.587769,0.359131,0.765503
0.559937,0.376221,0.744751
0.536743,0.406494,0.739380
0.573120,0.325928,0.781616
0.591675,0.344727,0.764771
0.571899,0.344971,0.762573
0.559448,0.324463,0.758179
0.601685,0.322998,0.753540
0.579468,0.310059,0.755981
0.584106,0.272705,0.770142
0.604858,0.292480,0.766479
0.578491,0.296143,0.758179
0.591187,0.288574,0.767456
0.592651,0.263428,0.770142
0.584839,0.277588,0.766968
0.604858,0.267334,0.774048
0.604370,0.277832,0.770874
0.591919,0.266846,0.767456
0.592651,0.239746,0.783569
0.589966,0.242676,0.783813
0.584839,0.238525,0.778198
0.590454,0.234619,0.776245
0.600708,0.217773,0.773071
0.604614,0.227295,0.788940
0.595825,0.224121,0.775269
0.583130,0.244629,0.773071
0.593384,0.218506,0.778442
0.603394,0.210205,0.781860
0.598999,0.220703,0.790649
0.602661,0.219971,0.785278
0.583374,0.237305,0.766479
0.606323,0.214111,0.782837
0.603882,0.222168,0.782593
0.606567,0.237549,0.778687
0.613892,0.214844,0.786499
0.604614,0.197510,0.784790
0.619019,0.222168,0.783813
0.591431,0.249268,0.773071
0.598755,0.251465,0.777710
0.597046,0.218262,0.788208
0.602173,0.203613,0.792114
0.607300,0.206055,0.785767
0.602173,0.235840,0.779663
0.593628,0.211182,0.786499
0.597534,0.230713,0.784546
0.583374,0.287109,0.774292
0.598511,0.231201,0.798218
0.592896,0.281250,0.775024
0.599976,0.256836,0.781616
0.609741,0.257080,0.784546
0.614380,0.264404,0.769897
0.613159,0.226318,0.785767
0.585815,0.252197,0.768677
0.598511,0.233398,0.774292
0.629761,0.196777,0.801147
0.611450,0.197754,0.786743
0.598511,0.275146,0.765259
0.584106,0.250732,0.767944
0.600220,0.190186,0.791626
0.595337,0.235107,0.772095
0.598022,0.232666,0.779419
0.605835,0.214844,0.787964
0.612915,0.216064,0.774292
0.595581,0.212402,0.784302
0.590454,0.216309,0.778931
0.602173,0.213623,0.784790
0.600220,0.199463,0.779663
0.598267,0.216064,0.787231
0.609741,0.217529,0.778442
0.608276,0.204834,0.795776
0.601440,0.229980,0.768433
0.631714,0.181641,0.803101
0.575317,0.235596,0.771851
0.588745,0.246582,0.778198
0.607300,0.207520,0.788452
0.599976,0.223633,0.778442
0.580444,0.237793,0.777954
0.586548,0.274902,0.776489
0.598267,0.267334,0.779663
0.589722,0.270264,0.780396
0.587524,0.323242,0.771606
0.549927,0.392334,0.744019
0.591187,0.366699,0.739624
0.556763,0.354248,0.740112
0.533325,0.379883,0.725952
0.574097,0.414551,0.718628
0.539917,0.422607,0.705200
0.538452,0.448975,0.706421
0.544312,0.450195,0.701294
0.563599,0.466064,0.709351
0.570923,0.515869,0.696655
0.533325,0.548828,0.627563
0.514038,0.555664,0.641724
0.520386,0.577148,0.625122
0.513062,0.595947,0.589722
0.512817,0.603760,0.611694
0.502075,0.597900,0.588745
0.519897,0.597900,0.588257
0.486206,0.671631,0.551880
0.501099,0.666016,0.524048
0.530640,0.677002,0.515991
0.383179,0.697754,0.495728
0.385376,0.746582,0.429810
0.418579,0.773682,0.420044
0.381958,0.773926,0.374634
0.321899,0.810303,0.345581
0.380249,0.819092,0.373169
0.317505,0.861816,0.288696
0.285767,0.894287,0.294067
0.259399,0.910400,0.241333
0.225464,0.907715,0.235962
0.227661,0.919922,0.246704
0.119751,0.882324,0.208862
0.164429,0.910645,0.225952
0.159302,0.961914,0.158569
0.109497,1.033203,0.112183
0.192749,1.012451,0.206665
0.058716,1.049316,0.110718
0.047974,1.071777,0.095093
0.133423,1.012207,0.121460
-0.007935,1.032471,0.051636
0.009399,1.034912,0.128540
0.036987,1.058594,0.106567
-0.039673,1.089111,0.027222
0.015015,1.045654,0.050415
0.003540,1.007813,0.025024
0.017700,0.993164,0.041382
0.063354,0.975342,0.051147
0.003540,0.960449,0.036743
-0.007202,0.987793,0.034546
0.012573,0.991455,0.031372
0.006470,0.990234,0.052124
-0.001343,1.002930,0.030884
-0.020630,0.985352,0.068237
-0.030396,1.033691,0.039185
-0.007446,1.026367,0.038696
-0.043091,1.010742,0.046997
-0.028687,1.056152,-0.015259
0.015259,1.011475,0.038452
-0.044800,1.031006,-0.014526
-0.023804,1.041748,0.016724
-0.027710,1.038330,0.022583
-0.060181,1.013184,0.008911
-0.036987,0.973633,0.042603
-0.006958,0.981201,0.026001
-0.064087,0.986572,0.008423
-0.010132,0.981934,0.036499
-0.006958,1.007568,0.010376
-0.049927,0.959961,0.036743
0.199585,0.844238,0.031860
-0.008423,0.945313,0.053589
-0.028687,1.012207,0.034546
-0.056519,0.999756,0.032104
0.069214,0.971436,0.071167
0.029907,1.005859,-0.016724
-0.027954,0.972656,0.031128
0.046753,1.006836,-0.007690
-0.017944,0.994385,0.004028
-0.004272,1.000000,-0.003052
-0.000854,1.003662,0.001831
-0.007690,0.998047,0.000610
0.005981,1.008057,-0.008667
-0.006958,1.000000,-0.004761
0.047485,1.002686,-0.007690
-0.004272,1.004639,0.011841
0.000122,0.999268,0.009155
-0.005493,1.003418,0.000610
0.001343,0.998047,0.000366
-0.009155,1.003418,-0.000122
-0.005737,0.991455,0.007690
-0.007935,0.995850,0.002563
-0.008911,0.998535,-0.004272
-0.005737,1.002441,0.005005
-0.013306,1.000977,0.010376
-0.003052,1.003174,0.005981
-0.004272,1.005127,0.004517
-0.004761,0.998047,0.007202
-0.008179,1.001221,0.003296
-0.005493,0.996338,0.000610
-0.000610,0.999023,0.001831
-0.005493,0.996094,-0.004028
-0.006226,1.000244,-0.000610
-0.007202,0.996094,0.000366
-0.005249,0.994629,0.002075
-0.012573,0.997559,-0.002075
-0.006958,1.005615,0.006714
-0.009155,1.005615,0.009888
-0.004761,0.996582,0.000854
-0.004272,1.004883,0.002563
-0.006958,0.997070,-0.003296
-0.005981,0.994629,0.013306
-0.002808,0.997803,-0.000854
-0.006470,0.993896,0.001099
-0.002319,1.003662,-0.002563
-0.007202,1.002686,0.011108
-0.011841,1.001709,-0.000122
-0.001099,1.000244,0.009888
0.000366,0.996094,0.009155
-0.004028,1.001953,0.003296
-0.004028,0.998291,0.006470